A B C D E F G H J ABCDEFG ABCHJ   ABDEH   ACDFJ   BCDGH   ACEFGHJ
 1  1 -1  1  1  1  1 -1  1 -1   1  -1  -1   1   1
-1 -1 -1  1 -1  1 -1 -1 -1 -1  -1   1  -1   1   1
 1  1 -1  1 -1 -1  1 -1 -1 -1  -1   1  -1   1  -1
 1  1 -1  1 -1 -1  1  1  1 -1  -1  -1   1  -1  -1
 1 -1 -1  1  1  1 -1  1  1 -1   1  -1  -1  -1   1
-1  1 -1 -1  1  1 -1 -1  1  1  -1  -1  -1   1   1
-1  1  1 -1 -1  1 -1 -1 -1  1  -1   1  -1  -1  -1
-1  1  1 -1 -1  1  1  1 -1 -1   1  -1  -1  -1  -1
 1 -1  1 -1 -1 -1  1  1 -1  1   1  -1  -1   1  -1
-1  1  1  1 -1 -1  1 -1  1 -1   1  -1   1  -1   1
 1 -1 -1  1 -1 -1  1  1  1  1   1   1   1   1  -1
 1 -1  1  1 -1 -1  1 -1  1 -1   1  -1  -1   1  -1
-1  1  1  1  1 -1 -1  1 -1 -1   1  -1  -1  -1   1
 1  1  1  1 -1  1  1  1  1 -1   1  -1   1   1  -1
 1 -1  1 -1  1 -1 -1  1 -1  1   1   1  -1  -1  -1
-1 -1 -1  1 -1  1  1 -1 -1  1  -1   1  -1  -1  -1
 1 -1 -1  1 -1  1  1 -1 -1 -1   1  -1   1  -1   1
-1  1  1  1 -1  1  1  1 -1  1   1   1   1   1  -1
-1  1  1  1  1  1 -1 -1  1  1   1   1  -1   1  -1
-1  1 -1  1  1  1 -1  1 -1 -1  -1  -1  -1   1   1
-1 -1  1  1  1  1  1 -1 -1  1   1  -1   1   1  -1
 1 -1 -1  1 -1  1 -1  1  1  1   1   1  -1  -1  -1
 1 -1 -1  1 -1 -1 -1  1 -1 -1  -1   1  -1  -1  -1
-1 -1  1 -1 -1 -1  1  1  1 -1   1   1  -1   1  -1
-1 -1 -1  1 -1  1 -1  1 -1 -1   1  -1  -1  -1  -1
-1  1  1  1  1 -1 -1 -1  1 -1   1   1   1   1   1
-1 -1 -1  1 -1 -1 -1 -1 -1  1  -1   1   1   1  -1
-1 -1 -1  1  1  1  1 -1 -1 -1  -1  -1  -1  -1   1
 1 -1 -1 -1  1  1 -1 -1 -1  1   1  -1  -1  -1   1
 1 -1 -1  1  1 -1  1  1  1 -1   1  -1   1   1   1
-1 -1 -1  1  1 -1 -1 -1 -1 -1  -1  -1   1   1   1
-1  1 -1  1  1  1 -1  1  1 -1   1  -1   1   1  -1
-1  1 -1  1  1 -1 -1  1  1  1   1  -1  -1   1   1
 1 -1 -1  1 -1  1  1  1  1 -1   1   1  -1   1   1
 1 -1 -1 -1 -1 -1 -1  1  1  1   1  -1  -1   1   1
-1  1 -1 -1 -1 -1 -1 -1 -1  1   1   1  -1   1  -1
 1 -1  1  1  1 -1  1 -1  1  1   1   1  -1   1   1
 1 -1 -1  1 -1  1 -1 -1 -1  1   1  -1   1   1  -1
 1 -1 -1  1 -1  1  1  1 -1 -1  -1   1   1   1  -1
 1 -1 -1 -1 -1  1  1  1  1  1   1  -1   1  -1   1
-1  1  1  1  1 -1  1  1 -1  1   1  -1  -1   1  -1
 1 -1  1 -1 -1 -1 -1  1  1 -1  -1  -1   1  -1  -1
 1  1 -1  1 -1 -1 -1  1  1  1  -1  -1   1   1   1
 1  1  1 -1 -1 -1 -1  1  1  1   1   1   1   1  -1
 1  1 -1  1 -1  1 -1 -1  1 -1   1   1  -1  -1   1
-1 -1  1  1  1  1  1 -1  1  1  -1  -1  -1   1   1
 1  1 -1  1  1  1  1  1 -1 -1   1   1   1  -1   1
-1 -1  1  1 -1  1  1 -1  1 -1  -1   1  -1   1  -1
-1  1 -1  1  1 -1  1  1  1 -1   1  -1  -1  -1  -1
-1  1  1 -1  1  1  1  1 -1  1   1   1  -1  -1   1
 1 -1 -1 -1  1 -1 -1 -1 -1 -1   1  -1   1  -1  -1
-1 -1 -1 -1  1 -1 -1  1  1  1  -1  -1   1   1   1
 1 -1  1  1 -1 -1  1  1  1 -1  -1   1  -1  -1   1
-1  1  1  1 -1 -1 -1 -1  1  1   1  -1   1   1  -1
 1 -1  1 -1  1 -1  1 -1  1 -1   1  -1   1  -1   1
-1 -1 -1  1 -1 -1 -1 -1  1  1   1   1  -1   1   1
-1 -1  1  1 -1 -1  1 -1 -1  1   1   1  -1   1  -1
 1 -1  1 -1 -1  1  1 -1  1 -1   1   1  -1  -1   1
 1 -1 -1 -1 -1 -1  1 -1  1 -1  -1   1  -1   1   1
 1  1  1  1  1 -1  1  1 -1 -1  -1   1   1   1   1
-1 -1  1  1 -1  1 -1 -1  1  1  -1   1  -1  -1   1
-1  1 -1 -1 -1 -1  1  1 -1 -1  -1  -1  -1   1  -1
 1 -1 -1 -1  1  1 -1  1  1  1   1   1   1   1   1
 1 -1  1  1  1  1 -1 -1  1  1   1   1   1  -1   1
 1 -1  1 -1 -1 -1 -1 -1 -1 -1  -1   1  -1   1  -1
 1  1 -1 -1  1 -1  1  1  1 -1  -1  -1  -1   1   1
-1  1 -1 -1 -1  1  1  1  1  1   1  -1  -1   1  -1
-1 -1  1 -1 -1 -1  1 -1  1 -1  -1  -1  -1  -1   1
-1 -1  1  1 -1 -1 -1 -1  1 -1  -1   1   1  -1  -1
-1 -1  1  1 -1 -1  1  1 -1  1  -1  -1  -1  -1   1
 1 -1  1 -1  1  1 -1  1  1 -1  -1   1  -1  -1  -1
 1 -1 -1 -1 -1  1  1 -1  1  1  -1   1   1   1  -1
-1 -1  1 -1  1 -1  1 -1  1  1  -1   1  -1  -1  -1
 1 -1 -1 -1 -1  1 -1 -1  1 -1  -1   1   1  -1   1
 1  1 -1 -1  1 -1 -1  1  1  1  -1  -1  -1  -1  -1
 1 -1 -1  1  1 -1  1 -1  1 -1  -1   1   1  -1  -1
-1 -1  1 -1  1 -1 -1 -1 -1 -1   1   1   1   1  -1
-1  1  1  1 -1 -1 -1  1 -1  1   1   1  -1  -1  -1
 1  1 -1  1  1  1 -1  1 -1  1   1   1   1   1  -1
 1  1  1  1  1 -1  1 -1 -1 -1   1  -1   1  -1  -1
 1  1  1  1 -1 -1  1  1 -1  1  -1  -1   1   1  -1
 1 -1 -1  1  1 -1  1 -1 -1 -1   1   1  -1  -1   1
-1 -1 -1 -1  1 -1  1 -1 -1 -1  -1   1  -1   1  -1
-1 -1  1 -1 -1  1 -1 -1  1 -1  -1  -1   1   1   1
 1  1  1 -1 -1  1 -1 -1 -1 -1   1  -1   1  -1   1
-1 -1 -1 -1 -1 -1  1 -1 -1  1  -1  -1  -1   1   1
-1 -1 -1 -1  1  1 -1 -1 -1 -1  -1   1   1  -1  -1
 1 -1 -1  1 -1 -1  1 -1  1  1  -1  -1   1  -1   1
 1 -1 -1  1  1  1 -1 -1 -1 -1   1   1   1   1   1
 1  1 -1  1  1  1  1 -1 -1 -1  -1  -1   1   1  -1
 1 -1  1 -1 -1  1 -1  1 -1  1   1  -1   1  -1  -1
-1 -1 -1 -1 -1 -1  1  1 -1  1   1   1  -1  -1  -1
 1 -1 -1 -1  1 -1  1  1 -1  1  -1   1   1  -1  -1
-1 -1  1 -1 -1 -1 -1  1  1  1   1   1  -1  -1   1
-1 -1 -1 -1  1  1 -1  1  1 -1  -1  -1  -1   1  -1
 1 -1 -1 -1  1 -1  1 -1  1  1  -1  -1  -1   1  -1
-1  1  1 -1 -1  1 -1 -1  1  1   1   1   1  -1   1
 1 -1 -1 -1 -1 -1 -1 -1 -1  1   1   1   1  -1   1
 1  1  1  1 -1 -1  1  1  1  1   1  -1  -1   1   1
 1 -1 -1 -1 -1 -1  1  1  1 -1   1  -1  -1  -1  -1
-1 -1  1  1  1 -1  1  1 -1 -1  -1   1  -1  -1  -1
-1  1  1  1  1 -1  1 -1 -1  1  -1   1  -1  -1   1
 1 -1 -1  1  1 -1 -1 -1  1  1  -1   1   1   1   1
 1 -1  1 -1 -1 -1  1 -1 -1  1  -1   1  -1  -1   1
-1  1  1  1  1  1  1 -1  1 -1   1   1  -1  -1   1
-1 -1  1  1  1  1 -1  1 -1 -1  -1   1   1   1  -1
-1  1 -1 -1 -1 -1  1  1  1 -1   1  -1   1   1   1
-1 -1 -1  1  1  1 -1 -1  1  1   1  -1   1   1   1
-1 -1  1 -1  1  1  1 -1 -1 -1   1   1  -1  -1  -1
-1 -1  1 -1  1 -1  1  1 -1  1  -1  -1   1   1  -1
-1  1  1 -1  1 -1 -1 -1  1  1   1  -1  -1  -1   1
 1  1 -1 -1 -1 -1  1  1 -1  1   1   1   1   1   1
 1 -1 -1  1 -1 -1  1  1 -1  1  -1   1  -1   1   1
 1  1 -1  1 -1  1 -1 -1 -1 -1  -1   1   1  -1  -1
 1  1 -1 -1 -1 -1  1  1  1  1  -1   1  -1   1  -1
 1 -1  1  1  1  1 -1  1 -1  1   1  -1  -1   1   1
-1 -1 -1  1 -1  1  1 -1  1  1   1   1   1  -1   1
-1  1  1  1  1 -1 -1 -1 -1 -1  -1   1  -1   1  -1
-1 -1 -1  1  1  1 -1  1  1  1  -1   1   1  -1  -1
-1 -1 -1  1  1  1 -1 -1 -1  1  -1  -1  -1   1  -1
-1  1 -1 -1  1 -1  1 -1 -1  1   1  -1  -1  -1  -1
-1  1  1 -1 -1  1 -1  1  1  1  -1  -1   1   1  -1
-1 -1  1  1  1 -1  1 -1  1 -1  -1  -1   1   1  -1
 1 -1 -1 -1 -1 -1  1 -1 -1 -1   1   1   1   1  -1
 1  1  1 -1  1 -1 -1 -1  1 -1  -1   1   1  -1  -1
-1 -1 -1 -1  1  1  1  1 -1  1   1  -1   1  -1  -1
-1 -1  1  1 -1  1 -1  1  1  1   1  -1  -1   1  -1
 1  1  1 -1  1  1  1  1  1 -1   1  -1  -1  -1   1
-1 -1 -1 -1  1 -1 -1 -1  1  1   1   1   1  -1  -1
 1 -1  1  1  1 -1 -1  1  1 -1  -1  -1  -1   1   1
 1 -1  1  1 -1 -1 -1  1  1  1  -1   1  -1   1  -1
 1  1  1 -1  1  1 -1 -1 -1  1   1   1   1  -1  -1
-1 -1  1 -1 -1 -1 -1 -1 -1  1   1  -1   1   1   1
-1 -1  1  1  1 -1  1 -1 -1 -1   1  -1  -1   1   1
 1 -1 -1  1 -1  1 -1 -1  1  1  -1  -1  -1   1   1
 1  1  1 -1 -1  1 -1 -1  1 -1  -1  -1  -1  -1  -1
-1 -1 -1  1 -1 -1  1 -1 -1 -1  -1   1   1  -1   1
 1  1  1  1 -1 -1 -1 -1 -1 -1   1   1   1   1  -1
 1  1  1 -1 -1  1  1  1  1  1   1   1  -1  -1  -1
 1  1  1 -1  1  1  1 -1 -1 -1   1   1   1   1   1
-1 -1  1  1 -1 -1  1  1  1  1   1  -1   1  -1  -1
-1  1 -1 -1 -1  1  1  1 -1  1  -1  -1   1   1   1
 1 -1 -1 -1  1  1  1  1  1 -1   1   1   1  -1  -1
 1 -1 -1 -1  1  1 -1  1 -1  1  -1   1  -1   1  -1
-1 -1 -1  1 -1 -1  1  1  1 -1  -1  -1  -1   1   1
 1  1 -1 -1 -1  1 -1 -1  1  1   1  -1   1   1   1
-1  1  1 -1 -1 -1 -1  1 -1 -1   1  -1   1   1  -1
 1 -1 -1 -1  1  1  1 -1  1 -1  -1  -1   1   1   1
 1 -1 -1 -1  1  1  1 -1 -1 -1   1  -1  -1   1  -1
 1  1 -1  1  1 -1  1 -1 -1  1  -1  -1  -1   1   1
 1  1  1  1 -1 -1 -1 -1  1 -1  -1   1  -1   1   1
 1 -1  1  1  1 -1  1 -1 -1  1  -1   1   1   1  -1
 1 -1  1  1 -1 -1 -1 -1 -1  1  -1  -1   1  -1  -1
 1 -1 -1  1 -1 -1 -1 -1 -1 -1   1  -1  -1   1   1
-1  1 -1 -1 -1 -1 -1  1 -1  1  -1  -1  -1  -1   1
 1  1 -1 -1  1 -1 -1 -1  1  1   1   1  -1   1   1
 1  1 -1 -1 -1  1 -1  1  1  1  -1   1   1  -1  -1
-1  1 -1 -1  1  1  1  1 -1 -1  -1   1   1   1  -1
-1 -1 -1 -1 -1  1 -1  1  1  1  -1   1  -1   1   1
 1  1 -1 -1  1  1  1  1 -1  1   1  -1  -1   1   1
 1  1  1  1  1 -1  1 -1  1 -1  -1  -1  -1  -1   1
 1 -1  1 -1  1  1 -1 -1  1 -1   1  -1  -1   1   1
-1  1 -1  1  1 -1 -1  1 -1  1  -1  -1   1   1  -1
-1  1  1  1 -1  1 -1 -1  1 -1   1  -1  -1   1   1
 1  1  1 -1 -1  1 -1  1  1 -1   1   1  -1   1   1
 1  1  1 -1 -1  1  1  1 -1  1  -1   1   1  -1   1
-1  1  1 -1 -1  1  1  1  1 -1  -1  -1   1  -1   1
 1  1  1 -1 -1 -1 -1 -1 -1  1   1  -1  -1  -1  -1
 1  1  1  1 -1 -1 -1  1 -1 -1  -1  -1   1  -1   1
 1 -1 -1  1 -1 -1 -1 -1  1 -1  -1  -1   1   1  -1
-1 -1  1 -1  1 -1 -1 -1  1 -1  -1   1  -1   1   1
-1  1  1  1 -1  1 -1 -1 -1 -1  -1  -1   1   1  -1
-1  1  1 -1 -1  1 -1  1 -1  1   1  -1  -1   1   1
 1  1 -1  1  1 -1  1  1  1  1  -1   1   1  -1   1
 1  1  1  1  1 -1 -1  1  1  1   1   1  -1  -1   1
-1 -1  1 -1  1  1 -1 -1 -1  1   1   1  -1   1   1
 1  1  1 -1  1 -1  1 -1 -1  1   1   1  -1   1  -1
-1 -1 -1 -1 -1 -1  1  1  1  1  -1   1   1  -1   1
 1 -1 -1  1  1  1  1  1 -1  1  -1  -1   1   1   1
 1 -1  1  1 -1  1  1 -1 -1  1  -1  -1  -1   1  -1
 1 -1  1  1 -1 -1 -1 -1  1  1   1  -1  -1  -1   1
 1 -1  1  1  1 -1 -1 -1 -1 -1  -1   1   1  -1   1
 1  1 -1  1  1  1 -1 -1  1  1   1  -1  -1  -1  -1
 1  1  1 -1 -1  1  1 -1 -1  1   1  -1   1   1  -1
-1  1 -1 -1  1  1  1 -1 -1 -1   1  -1   1  -1   1
 1  1 -1  1 -1  1  1  1 -1  1   1  -1   1  -1  -1
 1  1  1 -1  1 -1 -1  1  1 -1   1  -1   1   1   1
-1 -1  1 -1  1  1  1  1  1 -1   1  -1   1   1  -1
-1 -1 -1 -1  1 -1 -1 -1 -1  1  -1   1  -1  -1   1
-1 -1 -1  1 -1  1 -1 -1  1 -1   1   1   1   1  -1
-1  1  1 -1 -1  1  1 -1 -1 -1  -1   1  -1   1   1
 1  1  1  1  1 -1  1  1  1 -1   1   1  -1   1  -1
-1  1  1  1 -1  1 -1  1  1 -1  -1   1  -1  -1  -1
-1  1  1 -1  1  1 -1  1  1 -1  -1   1   1   1   1
 1  1 -1  1  1 -1 -1 -1  1 -1   1  -1   1  -1   1
-1 -1 -1  1  1 -1  1  1  1  1  -1   1  -1   1  -1
-1  1  1 -1 -1 -1  1 -1 -1  1  -1   1   1   1  -1
 1 -1  1  1 -1  1 -1  1 -1 -1   1   1  -1   1  -1
-1  1  1  1  1  1 -1 -1 -1  1  -1   1   1   1   1
 1 -1  1 -1  1  1  1 -1  1  1   1  -1  -1  -1  -1
 1  1  1  1 -1  1 -1 -1  1  1  -1   1   1   1  -1
-1 -1  1 -1 -1 -1  1 -1 -1 -1   1  -1   1  -1  -1
-1 -1  1  1  1  1  1  1 -1  1  -1   1   1  -1   1
 1  1  1 -1  1  1  1  1 -1 -1  -1  -1   1  -1  -1
 1  1 -1 -1 -1 -1 -1  1 -1 -1   1   1   1  -1  -1
-1  1  1  1 -1  1  1 -1  1  1   1  -1  -1  -1  -1
-1 -1  1 -1  1  1  1  1 -1 -1  -1  -1  -1   1   1
 1  1  1  1  1 -1 -1 -1  1  1  -1  -1  -1   1  -1
 1  1 -1 -1  1  1 -1 -1 -1 -1  -1   1  -1   1   1
 1 -1 -1  1 -1  1  1 -1  1 -1  -1  -1  -1  -1  -1
 1 -1  1  1 -1 -1  1  1 -1 -1   1   1   1  -1  -1
-1 -1 -1  1  1  1 -1  1 -1  1   1   1  -1  -1   1
-1  1  1 -1  1  1 -1  1 -1 -1   1   1  -1   1  -1
 1  1 -1  1  1  1  1  1  1 -1  -1   1  -1  -1  -1
-1 -1  1 -1  1  1 -1 -1  1  1  -1   1   1   1  -1
 1 -1 -1  1 -1 -1  1 -1 -1  1   1  -1  -1  -1  -1
-1  1 -1  1 -1 -1  1 -1 -1  1   1  -1   1   1   1
 1  1  1  1  1 -1 -1  1 -1  1  -1   1   1  -1  -1
-1  1 -1  1  1 -1  1 -1 -1 -1   1   1   1   1  -1
-1  1 -1 -1 -1 -1 -1  1  1  1   1  -1   1  -1  -1
 1 -1  1 -1 -1  1  1 -1 -1 -1  -1   1   1  -1  -1
 1  1 -1  1 -1  1  1 -1  1  1   1   1  -1   1  -1
-1 -1 -1  1 -1 -1 -1  1 -1  1   1  -1   1  -1   1
-1 -1 -1 -1 -1  1  1  1  1 -1  -1   1  -1  -1  -1
 1  1 -1 -1 -1 -1  1 -1 -1  1  -1  -1   1  -1  -1
 1  1  1  1 -1  1  1 -1 -1 -1   1   1  -1  -1  -1
-1 -1  1 -1 -1  1 -1  1  1 -1   1   1   1  -1  -1
-1  1  1 -1  1  1 -1 -1  1 -1   1  -1   1  -1  -1
-1 -1 -1  1 -1 -1  1  1 -1 -1   1  -1   1   1  -1
 1  1  1 -1  1  1  1 -1  1 -1  -1   1  -1   1  -1
-1  1 -1 -1 -1  1 -1  1  1 -1   1  -1  -1  -1   1
-1  1  1  1  1  1  1  1 -1 -1   1  -1   1   1   1
 1  1  1 -1 -1 -1  1  1  1 -1   1   1   1  -1   1
 1  1 -1  1 -1 -1 -1 -1 -1  1  -1   1  -1  -1   1
-1  1  1  1 -1  1 -1  1 -1 -1   1   1   1  -1   1
 1  1  1  1  1  1  1  1 -1  1  -1   1  -1   1  -1
-1  1 -1  1 -1  1 -1  1  1  1   1   1   1   1   1
 1  1 -1 -1  1  1  1 -1 -1  1  -1   1  -1  -1  -1
-1  1  1  1 -1 -1 -1 -1 -1  1  -1  -1  -1   1   1
-1  1 -1 -1  1 -1  1 -1  1  1  -1  -1   1  -1   1
-1 -1 -1 -1 -1 -1  1 -1  1  1   1  -1   1   1  -1
 1 -1  1 -1  1  1 -1 -1 -1 -1  -1  -1   1   1  -1
 1 -1  1 -1 -1  1 -1  1  1  1  -1  -1  -1  -1   1
 1  1 -1  1  1  1 -1 -1 -1  1  -1  -1   1  -1   1
 1  1 -1  1 -1 -1 -1  1 -1  1   1  -1  -1   1  -1
 1 -1  1 -1  1  1 -1  1 -1 -1   1   1   1  -1   1
 1 -1  1  1 -1  1  1  1 -1  1   1   1  -1  -1   1
-1 -1 -1 -1  1  1  1  1  1  1  -1  -1  -1  -1   1
 1 -1  1  1  1 -1 -1  1 -1 -1   1  -1   1   1  -1
 1 -1  1  1 -1  1  1 -1  1  1   1  -1   1   1   1
 1  1 -1 -1 -1  1  1 -1  1 -1   1  -1   1  -1  -1
 1 -1 -1 -1 -1 -1 -1  1 -1  1  -1  -1   1   1  -1
-1  1 -1 -1  1 -1 -1  1 -1 -1  -1   1  -1  -1  -1
 1 -1  1  1 -1  1 -1 -1  1 -1   1  -1   1  -1  -1
-1  1 -1 -1 -1 -1 -1 -1  1  1  -1   1   1   1   1
-1 -1 -1  1 -1  1  1  1 -1  1   1  -1  -1   1   1
-1 -1  1  1 -1 -1 -1  1 -1 -1  -1  -1  -1   1  -1
-1 -1  1 -1 -1  1 -1  1 -1 -1  -1   1  -1  -1   1
-1  1 -1  1  1  1 -1 -1  1 -1  -1   1   1  -1   1
-1 -1  1  1 -1 -1 -1 -1 -1 -1   1   1  -1  -1   1
-1  1 -1  1 -1 -1 -1  1  1 -1   1   1  -1   1  -1
-1  1 -1  1  1 -1 -1 -1  1  1  -1   1  -1  -1  -1
-1 -1 -1 -1  1 -1 -1  1 -1  1   1  -1  -1   1  -1
-1  1  1  1  1  1  1  1  1 -1  -1  -1  -1   1  -1
 1 -1 -1 -1  1 -1 -1  1 -1 -1  -1   1   1   1   1
-1 -1 -1 -1 -1 -1 -1 -1 -1 -1  -1  -1  -1  -1  -1
-1  1 -1 -1  1 -1 -1  1  1 -1   1   1   1  -1   1
-1  1 -1 -1  1 -1 -1 -1 -1 -1   1  -1  -1   1   1
 1 -1 -1  1  1  1 -1  1 -1 -1  -1  -1   1  -1  -1
 1  1  1 -1 -1 -1 -1 -1  1  1  -1  -1   1  -1   1
 1  1 -1  1 -1  1  1 -1 -1  1  -1   1   1   1   1
-1 -1 -1  1  1  1  1 -1  1 -1   1  -1   1  -1  -1
-1 -1  1 -1 -1 -1 -1  1 -1  1  -1   1   1  -1  -1
-1 -1  1  1  1 -1 -1  1 -1  1  -1   1  -1   1   1
 1  1 -1  1  1 -1  1  1 -1  1   1   1  -1  -1  -1
 1 -1  1  1 -1 -1 -1  1 -1  1   1   1   1   1   1
-1 -1 -1  1  1  1  1  1 -1 -1   1   1  -1   1  -1
 1 -1  1 -1  1  1  1 -1 -1  1  -1  -1   1  -1   1
 1  1  1 -1  1  1 -1  1 -1  1  -1  -1   1   1   1
 1 -1 -1  1  1  1 -1 -1  1 -1  -1   1  -1   1  -1
 1  1 -1  1 -1 -1  1  1 -1 -1   1  -1  -1  -1   1
-1  1 -1  1 -1  1  1  1  1 -1   1   1   1  -1  -1
-1  1  1 -1 -1  1  1 -1  1 -1   1   1   1   1  -1
 1 -1  1  1  1  1  1 -1  1 -1   1   1   1   1  -1
 1 -1  1 -1  1 -1 -1 -1  1  1   1  -1   1   1  -1
-1  1 -1  1 -1 -1  1  1 -1  1  -1   1   1  -1  -1
 1  1 -1 -1  1 -1  1 -1  1 -1   1   1  -1  -1  -1
 1  1 -1  1  1 -1 -1 -1 -1 -1  -1  -1  -1  -1  -1
 1 -1 -1 -1 -1  1  1 -1 -1  1   1   1  -1   1   1
 1 -1 -1 -1 -1  1 -1  1  1 -1   1  -1   1   1  -1
-1 -1 -1  1 -1 -1  1 -1  1 -1   1   1  -1  -1  -1
-1  1 -1  1 -1  1  1 -1  1 -1  -1  -1   1   1   1
-1  1 -1  1  1 -1  1 -1  1 -1  -1   1  -1   1   1
 1 -1  1  1  1  1  1  1 -1 -1   1  -1  -1  -1  -1
-1 -1  1 -1  1  1 -1  1  1  1   1  -1   1  -1   1
-1  1 -1 -1  1  1 -1 -1 -1  1   1  -1   1   1  -1
 1  1  1  1 -1  1  1  1 -1 -1  -1  -1  -1   1   1
-1 -1 -1 -1 -1  1  1  1 -1 -1   1   1   1  -1   1
-1 -1 -1  1  1 -1 -1 -1  1 -1   1  -1  -1   1  -1
 1 -1  1 -1  1 -1  1  1 -1 -1   1   1  -1   1   1
 1  1 -1  1 -1 -1  1 -1  1 -1   1   1   1   1   1
 1  1  1  1  1  1 -1  1  1 -1   1   1   1  -1  -1
 1  1 -1  1  1 -1  1 -1  1  1   1  -1   1   1  -1
-1  1  1  1  1  1 -1  1 -1  1   1  -1   1  -1  -1
 1  1 -1 -1  1  1 -1  1 -1 -1   1  -1  -1  -1  -1
-1  1  1 -1 -1 -1 -1  1  1 -1  -1  -1  -1   1   1
-1 -1 -1  1  1  1  1  1  1 -1  -1   1   1   1   1
-1  1  1 -1  1 -1 -1  1  1  1  -1   1  -1   1  -1
 1 -1  1 -1 -1  1 -1 -1 -1  1  -1   1   1   1   1
 1 -1 -1  1  1  1  1 -1 -1  1   1   1   1  -1  -1
-1 -1  1 -1  1  1  1 -1  1 -1  -1   1   1  -1   1
-1 -1 -1 -1 -1 -1 -1 -1  1 -1   1  -1   1  -1   1
 1 -1 -1 -1 -1 -1  1  1 -1 -1  -1  -1   1  -1   1
-1  1 -1  1  1 -1 -1 -1 -1  1   1   1   1  -1   1
 1  1  1  1  1  1  1 -1  1  1  -1  -1   1  -1  -1
 1 -1  1  1  1  1 -1  1  1  1  -1  -1   1   1  -1
-1 -1  1  1  1  1 -1 -1  1 -1  -1  -1  -1  -1  -1
 1  1  1 -1 -1 -1  1  1 -1 -1  -1   1  -1  -1  -1
 1 -1  1 -1  1 -1 -1  1  1  1  -1   1   1  -1   1
-1  1 -1 -1 -1 -1  1 -1 -1 -1   1   1  -1  -1   1
 1  1 -1  1  1 -1 -1  1  1 -1  -1   1   1   1  -1
 1  1  1  1  1  1 -1 -1  1 -1  -1  -1   1   1   1
-1 -1  1 -1 -1  1 -1 -1 -1 -1   1  -1  -1   1  -1
 1  1 -1  1  1 -1 -1  1 -1 -1   1   1  -1   1   1
-1 -1 -1 -1 -1  1 -1 -1 -1  1  -1  -1   1  -1   1
-1  1 -1 -1 -1 -1  1 -1  1 -1  -1   1   1  -1  -1
 1  1  1 -1 -1 -1  1 -1 -1 -1   1  -1  -1   1   1
-1 -1  1  1  1 -1 -1 -1 -1  1   1  -1  -1  -1  -1
 1  1  1  1 -1 -1  1 -1  1  1  -1   1  -1  -1  -1
-1 -1  1  1 -1  1 -1  1 -1  1  -1  -1   1   1   1
-1  1 -1 -1  1 -1 -1 -1  1 -1  -1  -1   1   1  -1
 1 -1 -1 -1  1  1  1  1 -1 -1  -1   1  -1  -1   1
 1 -1  1  1 -1  1 -1 -1 -1 -1  -1  -1  -1  -1   1
-1  1  1  1  1 -1 -1  1  1 -1  -1  -1   1  -1  -1
 1  1 -1 -1 -1  1 -1 -1 -1  1  -1  -1  -1   1  -1
 1 -1  1 -1  1 -1  1  1  1 -1  -1   1   1   1  -1
-1  1 -1  1  1  1  1 -1 -1  1   1   1  -1   1   1
-1  1  1 -1  1 -1  1  1 -1 -1   1   1   1  -1  -1
 1  1  1 -1  1  1 -1  1  1  1   1  -1  -1   1  -1
-1  1 -1 -1  1 -1  1  1 -1  1  -1   1  -1   1   1
 1 -1  1  1  1  1  1  1  1 -1  -1  -1   1  -1   1
 1 -1  1 -1 -1 -1  1  1  1  1  -1  -1   1   1   1
 1  1  1  1 -1  1 -1  1 -1  1  -1  -1  -1  -1  -1
-1  1 -1  1 -1 -1 -1  1 -1 -1  -1   1   1   1   1
 1  1 -1 -1  1 -1 -1  1 -1  1   1  -1   1  -1   1
-1 -1  1  1 -1  1 -1 -1 -1  1   1   1   1  -1  -1
-1 -1 -1 -1  1  1 -1  1 -1 -1   1  -1   1   1   1
-1  1 -1  1 -1 -1 -1 -1 -1 -1   1  -1   1  -1  -1
-1  1  1  1  1 -1  1  1  1  1  -1  -1   1   1   1
 1 -1 -1 -1  1  1 -1 -1  1  1  -1  -1   1  -1  -1
-1 -1  1  1  1 -1 -1 -1  1  1  -1  -1   1  -1   1
 1 -1 -1 -1  1 -1 -1  1  1 -1   1   1  -1   1  -1
-1  1  1 -1  1  1 -1 -1 -1 -1  -1  -1  -1  -1   1
-1 -1 -1 -1 -1  1  1 -1  1 -1   1  -1  -1   1   1
 1  1 -1 -1 -1  1  1 -1 -1 -1  -1  -1  -1  -1   1
 1  1 -1 -1 -1 -1  1 -1  1  1   1  -1  -1  -1   1
 1 -1  1  1  1 -1  1  1 -1  1   1  -1   1  -1   1
 1 -1 -1  1 -1 -1 -1  1  1 -1   1   1   1  -1   1
-1 -1 -1 -1  1 -1  1  1  1 -1  -1  -1   1  -1  -1
 1 -1  1  1 -1  1 -1  1  1 -1  -1   1   1   1   1
 1  1 -1  1 -1 -1 -1 -1  1  1   1   1   1  -1  -1
-1 -1  1 -1  1 -1 -1  1 -1 -1  -1  -1   1  -1   1
-1  1  1  1 -1 -1  1  1 -1 -1   1   1  -1   1   1
 1  1  1 -1  1 -1  1  1 -1  1  -1  -1  -1  -1   1
 1  1  1  1 -1  1 -1 -1 -1  1   1   1  -1   1   1
-1  1  1 -1  1 -1 -1  1 -1  1   1   1   1   1   1
 1  1 -1  1 -1  1 -1  1  1 -1  -1  -1  -1   1  -1
 1 -1 -1 -1 -1  1  1  1 -1  1  -1  -1  -1  -1  -1
-1  1  1  1  1  1  1 -1 -1 -1  -1   1   1  -1  -1
-1  1 -1  1  1  1 -1 -1 -1 -1   1   1  -1  -1  -1
-1  1  1 -1  1  1  1 -1  1  1   1  -1   1   1   1
 1  1  1  1  1  1 -1  1 -1 -1  -1   1  -1  -1   1
 1 -1 -1  1  1 -1 -1  1  1  1   1  -1   1  -1  -1
-1 -1  1 -1  1 -1  1  1  1  1   1  -1  -1   1   1
-1 -1  1 -1  1  1 -1  1 -1  1  -1  -1  -1  -1  -1
-1 -1  1 -1 -1 -1 -1 -1  1  1  -1  -1  -1   1  -1
-1  1  1  1 -1  1  1 -1 -1  1  -1  -1   1  -1   1
-1  1  1 -1  1 -1 -1 -1 -1  1  -1  -1   1  -1  -1
 1 -1  1 -1 -1  1  1  1 -1 -1   1  -1   1   1   1
 1  1 -1  1 -1  1  1  1  1  1  -1  -1  -1  -1   1
-1 -1  1  1  1 -1 -1  1  1  1   1   1   1   1  -1
 1  1 -1 -1 -1 -1 -1 -1 -1 -1  -1  -1   1   1   1
 1 -1  1  1 -1  1  1  1  1  1  -1   1   1  -1  -1
-1  1  1 -1  1 -1  1 -1 -1 -1  -1  -1   1   1   1
-1  1  1  1 -1 -1  1  1  1 -1  -1   1   1   1  -1
 1  1 -1 -1  1  1  1  1  1  1  -1  -1   1   1  -1
 1 -1  1 -1  1  1  1  1 -1  1   1   1   1   1  -1
 1  1  1  1  1 -1 -1 -1 -1  1   1  -1   1   1   1
 1  1 -1 -1 -1  1  1  1 -1 -1   1   1  -1   1  -1
 1 -1  1 -1  1 -1 -1 -1 -1  1  -1  -1  -1   1   1
 1 -1 -1  1  1 -1 -1 -1 -1  1   1   1  -1   1  -1
-1 -1 -1  1  1 -1  1  1 -1  1   1   1   1   1   1
-1 -1 -1  1  1 -1 -1  1  1 -1  -1   1  -1  -1   1
 1  1 -1 -1  1 -1 -1 -1 -1  1  -1   1   1   1  -1
 1 -1 -1 -1  1 -1  1  1  1  1   1   1  -1  -1   1
-1 -1  1 -1 -1  1  1  1 -1  1  -1   1  -1   1  -1
-1 -1  1  1 -1 -1  1 -1  1  1  -1   1   1   1   1
 1 -1  1 -1 -1 -1  1 -1  1  1   1   1   1  -1  -1
-1  1 -1  1  1  1  1  1  1  1   1  -1   1  -1   1
-1 -1  1  1  1  1 -1  1  1 -1   1   1  -1   1   1
-1  1 -1  1 -1  1 -1 -1  1  1  -1  -1   1  -1  -1
 1  1  1  1  1  1 -1 -1 -1 -1   1  -1  -1   1  -1
 1  1  1 -1  1 -1  1  1  1  1   1  -1   1  -1  -1
 1 -1 -1 -1 -1  1 -1 -1 -1 -1   1   1  -1  -1  -1
-1  1  1  1 -1 -1  1 -1 -1 -1  -1  -1  -1  -1  -1
 1 -1  1 -1 -1  1  1  1  1 -1  -1  -1  -1   1  -1
 1 -1  1  1  1  1 -1 -1 -1  1  -1   1  -1  -1  -1
-1 -1 -1 -1  1 -1  1  1 -1 -1   1  -1  -1  -1   1
-1 -1  1  1  1  1  1  1  1  1   1   1  -1  -1  -1
-1  1  1 -1  1 -1  1 -1  1 -1   1  -1  -1   1  -1
 1 -1  1  1 -1 -1  1 -1 -1 -1  -1  -1   1   1   1
-1 -1 -1 -1 -1 -1 -1  1 -1 -1   1   1  -1   1   1
-1 -1 -1  1  1 -1  1 -1 -1  1  -1  -1   1  -1  -1
-1 -1  1 -1 -1 -1  1  1 -1 -1  -1   1   1   1   1
-1 -1  1  1 -1  1  1 -1 -1 -1   1   1   1   1   1
-1 -1  1  1  1 -1  1  1  1 -1   1   1   1  -1   1
-1  1 -1  1 -1 -1  1 -1  1  1  -1  -1  -1   1  -1
 1  1 -1 -1 -1 -1 -1 -1  1 -1   1  -1  -1   1  -1
-1  1 -1  1 -1 -1  1  1  1  1   1   1  -1  -1   1
-1  1  1  1 -1 -1 -1  1  1  1  -1   1   1  -1   1
-1 -1  1 -1 -1  1  1  1  1  1   1   1   1   1   1
 1  1  1 -1 -1 -1  1 -1  1 -1  -1  -1   1   1  -1
 1  1  1 -1 -1  1  1 -1  1  1  -1  -1  -1   1   1
-1 -1 -1 -1 -1 -1 -1  1  1 -1  -1   1   1   1  -1
 1 -1 -1 -1 -1 -1 -1 -1  1  1  -1   1  -1  -1  -1
 1  1  1 -1  1 -1  1 -1  1  1  -1   1   1   1   1
-1  1  1 -1 -1 -1  1  1  1  1  -1  -1  -1  -1  -1
-1  1 -1  1 -1  1 -1 -1 -1  1   1  -1  -1  -1   1
-1 -1 -1 -1 -1  1 -1 -1  1  1   1  -1  -1  -1  -1
-1  1 -1 -1  1 -1  1  1  1  1   1   1   1   1  -1
-1 -1 -1  1  1 -1  1 -1  1  1   1  -1  -1  -1   1
 1  1 -1 -1  1  1  1 -1  1  1   1   1   1  -1   1
-1  1  1 -1  1  1  1 -1 -1  1  -1  -1  -1   1  -1
 1 -1  1 -1 -1  1 -1 -1  1  1   1   1  -1   1  -1
 1 -1 -1  1  1  1  1 -1  1  1  -1   1  -1  -1   1
-1 -1  1  1 -1  1  1  1 -1 -1  -1  -1   1  -1  -1
 1 -1 -1  1 -1  1 -1  1 -1  1  -1   1   1  -1   1
 1  1  1 -1 -1  1 -1  1 -1 -1  -1   1   1   1  -1
-1 -1 -1  1  1 -1 -1  1 -1 -1   1   1   1  -1  -1
-1  1 -1 -1  1  1  1  1  1 -1   1   1  -1   1   1
 1 -1  1  1  1  1  1 -1 -1 -1  -1   1  -1   1   1
-1  1  1  1  1  1 -1  1  1  1  -1  -1  -1  -1   1
-1 -1  1 -1  1 -1  1 -1 -1  1   1   1   1  -1   1
-1  1  1  1  1 -1  1 -1  1  1   1   1   1  -1  -1
-1  1 -1 -1 -1  1  1 -1  1  1  -1   1  -1  -1   1
-1 -1 -1 -1 -1  1 -1  1 -1  1   1   1   1   1  -1
-1  1 -1  1 -1  1  1  1 -1 -1  -1   1  -1  -1   1
 1 -1  1 -1 -1 -1 -1  1 -1 -1   1  -1  -1  -1   1
 1  1 -1 -1  1  1 -1 -1  1 -1   1   1   1   1  -1
 1 -1 -1  1  1  1  1  1  1  1   1  -1  -1   1  -1
-1  1 -1  1 -1 -1 -1 -1  1 -1  -1  -1  -1  -1   1
 1  1 -1 -1 -1  1  1  1  1 -1  -1   1   1   1   1
 1  1 -1 -1 -1  1 -1  1 -1  1   1   1  -1  -1   1
 1  1  1 -1 -1 -1 -1  1 -1  1  -1   1  -1   1   1
-1  1 -1  1  1 -1  1  1 -1 -1  -1  -1   1  -1   1
 1  1  1  1  1  1  1  1  1  1   1   1   1   1   1
-1  1 -1  1 -1  1 -1  1 -1  1  -1   1  -1   1  -1
 1 -1  1  1  1 -1 -1 -1  1 -1   1   1  -1  -1  -1
-1  1 -1 -1  1  1 -1  1  1  1   1   1  -1  -1  -1
-1 -1 -1 -1  1 -1  1 -1  1 -1   1   1   1   1   1
 1  1  1 -1  1  1 -1 -1  1  1  -1   1  -1  -1   1
-1 -1  1 -1 -1  1  1 -1  1  1  -1  -1   1  -1  -1
 1 -1  1 -1  1 -1  1 -1 -1 -1  -1  -1  -1  -1  -1
-1  1  1 -1 -1 -1  1 -1  1  1   1   1  -1   1   1
-1 -1  1  1 -1  1  1  1  1 -1   1  -1  -1  -1   1
-1 -1 -1 -1  1  1 -1 -1  1 -1   1   1  -1  -1   1
-1  1 -1 -1 -1  1 -1 -1 -1 -1   1   1   1   1   1
 1 -1  1 -1  1  1  1  1  1  1  -1   1  -1   1   1
-1  1 -1 -1 -1  1  1 -1 -1  1   1   1   1  -1  -1
-1 -1  1 -1 -1  1  1 -1 -1  1   1  -1  -1  -1   1
 1  1  1  1 -1 -1  1 -1 -1  1   1   1   1  -1   1
-1  1  1  1 -1  1  1  1  1  1  -1   1  -1   1   1
-1 -1 -1 -1  1  1  1 -1  1  1   1   1  -1   1  -1
-1 -1  1 -1  1 -1 -1  1  1 -1   1  -1  -1  -1  -1
 1  1 -1  1 -1  1 -1  1 -1 -1   1  -1   1   1   1
 1  1 -1 -1  1  1 -1  1  1 -1  -1  -1   1  -1   1
 1 -1  1  1  1 -1  1  1  1  1  -1  -1  -1  -1  -1
-1  1 -1 -1  1  1 -1  1 -1  1  -1   1   1  -1   1
 1  1  1 -1  1 -1 -1  1 -1 -1  -1  -1  -1   1  -1
 1  1 -1 -1  1 -1  1 -1 -1 -1  -1   1   1  -1   1
-1  1  1 -1 -1 -1 -1 -1 -1 -1  -1   1   1  -1   1
 1 -1  1 -1 -1 -1 -1 -1  1 -1   1   1   1   1   1
-1 -1  1  1 -1 -1 -1  1  1 -1   1  -1   1   1   1
 1 -1 -1 -1  1 -1  1 -1 -1  1   1  -1   1   1   1
 1  1  1  1 -1  1 -1  1  1  1   1  -1   1  -1   1
 1  1 -1 -1 -1 -1 -1  1  1 -1  -1   1  -1  -1   1
-1  1 -1  1  1  1  1 -1  1  1  -1   1   1   1  -1
 1  1  1 -1  1 -1 -1 -1 -1 -1   1   1  -1  -1   1
 1 -1 -1 -1  1 -1 -1 -1  1 -1  -1  -1  -1  -1   1
 1  1  1  1  1  1  1 -1 -1  1   1  -1  -1  -1   1
-1 -1 -1 -1  1  1  1 -1 -1  1  -1   1   1   1   1
 1 -1 -1 -1 -1  1 -1  1 -1 -1  -1  -1  -1   1   1
 1 -1 -1  1  1 -1  1  1 -1 -1  -1  -1  -1   1  -1
-1  1  1 -1 -1 -1 -1 -1  1 -1   1   1  -1  -1  -1
-1  1 -1 -1  1  1  1 -1  1 -1  -1  -1  -1  -1  -1
-1 -1 -1 -1 -1  1  1 -1 -1 -1  -1  -1   1   1  -1
-1 -1 -1  1 -1 -1 -1  1  1  1  -1  -1  -1  -1  -1
 1  1 -1 -1  1 -1  1  1 -1 -1   1  -1   1   1  -1
-1  1 -1  1  1  1  1  1 -1  1  -1  -1  -1  -1  -1
 1  1  1  1 -1  1  1 -1  1 -1  -1   1   1  -1   1
-1  1  1 -1  1  1  1  1  1  1  -1   1   1  -1  -1
 1 -1 -1  1  1 -1 -1  1 -1  1  -1  -1  -1  -1   1
-1  1 -1 -1 -1  1 -1  1 -1 -1  -1  -1   1  -1  -1
 1  1  1  1 -1 -1 -1  1  1 -1   1  -1  -1  -1  -1
-1  1  1 -1 -1 -1  1  1 -1  1   1  -1   1  -1   1
-1 -1  1  1  1  1 -1 -1 -1 -1   1  -1   1  -1   1
-1  1 -1 -1 -1  1 -1 -1  1 -1  -1   1  -1   1  -1
-1 -1 -1  1 -1  1  1  1  1  1  -1  -1   1   1  -1
 1  1 -1  1  1  1 -1  1  1  1  -1   1  -1   1   1
-1  1 -1  1 -1  1  1 -1 -1 -1   1  -1  -1   1  -1
-1  1  1 -1  1 -1  1  1  1 -1  -1   1  -1  -1   1
-1 -1 -1  1 -1  1 -1  1  1 -1  -1  -1   1  -1   1
