A B C D E F G H J ABCE ABDG BCEG ACDFG CEFG ACEH BDEH ABDFH AEFGH BEFGH ABDJ BDEJ CEFJ ADEFJ ABCDEFJ ABCGJ BCDGJ AFGJ ABCHJ ADHJ ACDFHJ ABGHJ ABCEGHJ DEGHJ BFGHJ ABCDFGHJ EFGHJ BCDEFGHJ
-1 -1 -1 -1  1 -1 -1  1 -1 -1   1  -1  -1  -1   1   1   1  -1  -1   1  -1  -1   1   1  -1  -1   1   1  -1  -1   1  -1  -1   1  -1  -1   1
-1 -1 -1  1  1 -1 -1  1 -1 -1  -1  -1   1  -1   1  -1  -1  -1  -1  -1   1  -1  -1  -1  -1   1   1   1   1   1   1  -1   1   1   1  -1  -1
 1  1  1  1 -1  1  1 -1  1 -1   1  -1   1  -1   1   1  -1   1   1   1  -1  -1  -1  -1   1   1   1  -1  -1  -1  -1   1   1  -1  -1   1   1
 1 -1 -1 -1  1  1 -1 -1  1  1  -1  -1  -1   1   1  -1  -1   1  -1   1   1  -1  -1  -1  -1   1  -1  -1   1  -1  -1   1  -1  -1  -1   1  -1
-1  1  1 -1  1  1  1 -1 -1 -1   1   1   1   1   1   1  -1   1  -1  -1   1  -1  -1  -1   1   1   1  -1   1   1  -1  -1  -1   1   1   1  -1
-1 -1 -1  1  1  1  1  1 -1 -1   1   1   1  -1   1  -1   1  -1  -1  -1   1   1   1   1   1  -1   1   1   1  -1  -1   1  -1   1   1  -1  -1
-1  1 -1  1 -1  1  1 -1  1 -1  -1   1   1   1   1   1   1  -1   1  -1  -1   1   1  -1   1  -1  -1  -1   1  -1   1   1   1  -1  -1   1  -1
 1  1  1  1 -1 -1 -1 -1 -1 -1  -1   1   1  -1   1   1   1   1   1  -1   1  -1  -1  -1   1   1  -1   1   1  -1  -1   1   1   1   1  -1  -1
 1  1  1  1 -1 -1 -1  1  1 -1  -1   1   1  -1  -1  -1  -1  -1  -1   1  -1   1   1   1  -1  -1   1   1   1  -1  -1   1   1   1   1  -1  -1
-1  1 -1  1  1  1 -1 -1 -1  1   1   1  -1   1  -1  -1   1  -1   1   1  -1   1   1  -1   1  -1  -1   1  -1   1   1  -1  -1  -1  -1  -1   1
-1 -1 -1  1  1  1  1  1  1 -1   1   1   1  -1   1  -1   1  -1  -1   1  -1  -1  -1  -1  -1   1  -1  -1  -1   1   1  -1   1  -1  -1   1   1
 1 -1  1 -1 -1  1 -1 -1  1  1  -1  -1   1   1   1   1  -1  -1   1   1  -1  -1   1  -1   1  -1  -1   1   1   1  -1   1   1  -1   1  -1  -1
-1  1  1 -1 -1  1  1  1 -1  1   1  -1   1  -1   1   1   1   1  -1  -1  -1   1   1   1   1   1   1   1  -1  -1   1  -1  -1  -1  -1   1  -1
-1  1 -1  1 -1 -1  1 -1 -1 -1  -1   1  -1  -1   1   1  -1   1  -1   1   1   1   1  -1  -1   1  -1   1  -1  -1  -1  -1  -1  -1  -1   1  -1
 1  1  1 -1  1 -1  1  1 -1  1  -1   1   1  -1   1  -1   1  -1  -1   1   1   1  -1  -1  -1   1   1  -1   1  -1  -1  -1   1   1  -1   1  -1
 1  1 -1  1 -1 -1 -1 -1 -1  1  -1  -1  -1   1  -1   1   1   1   1  -1   1   1  -1   1  -1  -1  -1  -1   1   1  -1  -1   1   1  -1  -1   1
-1  1  1  1 -1  1  1  1  1  1  -1  -1  -1  -1   1  -1  -1   1  -1  -1  -1  -1   1   1  -1   1  -1  -1  -1  -1  -1   1  -1   1  -1  -1  -1
-1 -1 -1 -1  1  1  1  1  1 -1  -1   1  -1  -1   1   1  -1  -1  -1  -1   1  -1   1   1  -1  -1  -1  -1   1  -1   1  -1  -1  -1   1   1  -1
 1  1  1 -1  1 -1  1 -1  1  1  -1   1   1  -1  -1   1  -1   1   1  -1  -1  -1   1   1   1  -1  -1  -1   1  -1  -1  -1   1   1  -1   1  -1
 1 -1  1 -1 -1 -1 -1 -1 -1  1  -1  -1  -1  -1   1   1   1   1  -1  -1   1  -1   1  -1  -1   1  -1  -1  -1   1   1  -1  -1  -1   1  -1  -1
-1 -1  1  1 -1  1  1  1  1 -1   1   1  -1  -1   1   1   1   1   1   1   1  -1   1  -1   1  -1  -1   1  -1  -1   1  -1  -1  -1   1  -1   1
-1  1  1 -1 -1  1 -1  1  1  1  -1   1  -1   1   1   1   1  -1   1   1   1  -1  -1  -1   1   1   1  -1   1   1   1  -1  -1  -1  -1   1  -1
 1  1  1 -1 -1 -1  1  1 -1 -1  -1  -1   1   1  -1   1   1   1   1   1  -1  -1   1   1  -1   1   1  -1   1  -1  -1   1  -1   1  -1  -1   1
-1 -1  1 -1 -1 -1 -1 -1  1 -1   1  -1   1  -1  -1   1  -1  -1  -1  -1  -1   1   1  -1  -1  -1  -1  -1  -1   1   1  -1   1   1   1   1   1
 1  1 -1  1  1 -1 -1 -1 -1 -1  -1   1  -1  -1   1  -1   1  -1  -1  -1  -1  -1   1  -1  -1  -1  -1  -1   1   1  -1   1  -1   1  -1   1  -1
-1  1  1  1  1 -1 -1  1  1 -1   1  -1  -1   1  -1   1   1  -1   1  -1   1  -1   1   1   1  -1  -1  -1  -1   1   1   1  -1   1  -1   1   1
 1 -1 -1  1  1 -1 -1  1  1  1   1  -1  -1  -1  -1  -1   1   1  -1  -1  -1   1  -1  -1  -1  -1   1   1   1   1   1  -1  -1  -1   1   1   1
-1 -1 -1 -1 -1  1  1  1  1  1  -1  -1  -1   1  -1  -1  -1   1   1  -1  -1   1  -1  -1  -1  -1  -1  -1   1  -1   1   1   1  -1   1  -1   1
-1 -1  1 -1 -1  1 -1  1  1 -1   1  -1  -1   1   1  -1  -1  -1  -1  -1  -1  -1  -1   1  -1  -1   1   1   1   1  -1   1  -1   1   1   1   1
 1  1  1  1 -1  1 -1 -1  1 -1  -1   1  -1   1   1   1  -1  -1  -1   1  -1  -1  -1  -1  -1  -1  -1  -1  -1  -1   1  -1  -1   1   1  -1  -1
 1 -1 -1  1  1 -1  1 -1  1  1  -1   1   1   1   1   1  -1   1  -1  -1  -1   1  -1  -1   1   1  -1  -1  -1  -1   1  -1  -1  -1   1   1   1
 1  1  1 -1 -1  1  1  1  1 -1  -1  -1  -1  -1  -1   1  -1  -1  -1  -1   1  -1   1   1   1  -1   1   1  -1  -1   1  -1   1   1  -1  -1   1
-1  1 -1 -1  1 -1  1  1 -1  1   1  -1   1   1   1  -1  -1   1  -1  -1   1  -1   1  -1  -1  -1  -1  -1  -1  -1   1  -1   1   1  -1   1   1
 1 -1 -1  1 -1  1 -1 -1 -1 -1   1   1   1  -1  -1  -1   1  -1   1   1  -1  -1   1   1   1   1   1   1   1  -1   1   1   1   1  -1   1   1
 1  1  1 -1 -1 -1 -1 -1  1 -1   1   1  -1  -1   1  -1  -1   1   1  -1   1   1  -1  -1  -1   1   1  -1   1  -1   1  -1   1  -1   1   1  -1
 1  1 -1  1  1 -1  1  1  1 -1   1  -1   1   1  -1   1  -1  -1  -1   1   1   1  -1   1  -1  -1  -1  -1   1   1   1  -1   1  -1   1  -1   1
-1  1 -1  1 -1 -1  1 -1  1 -1  -1   1  -1  -1   1   1  -1   1  -1  -1  -1  -1  -1   1   1  -1   1  -1   1   1   1   1   1   1   1  -1   1
 1 -1 -1  1 -1  1  1 -1 -1 -1  -1  -1  -1   1  -1  -1   1   1  -1   1  -1  -1   1   1  -1  -1  -1   1   1  -1  -1  -1  -1  -1   1  -1  -1
 1  1  1  1  1 -1 -1 -1 -1  1  -1  -1   1   1  -1  -1   1  -1  -1  -1  -1   1   1   1   1   1  -1   1   1  -1  -1  -1  -1   1   1   1   1
 1  1 -1 -1  1  1  1 -1  1 -1  -1  -1   1  -1   1   1   1  -1  -1  -1  -1  -1  -1   1  -1   1   1   1   1  -1  -1   1   1  -1  -1  -1  -1
 1 -1  1 -1  1  1 -1 -1  1 -1  -1   1   1  -1  -1  -1  -1   1  -1   1   1   1  -1   1   1  -1  -1   1   1   1  -1  -1  -1  -1   1   1   1
 1  1 -1 -1 -1  1 -1  1  1  1   1  -1  -1  -1   1   1  -1   1   1  -1   1   1   1  -1   1  -1  -1  -1  -1   1  -1  -1  -1  -1  -1   1   1
-1 -1  1  1 -1 -1  1 -1 -1 -1   1   1   1   1  -1  -1   1   1   1  -1  -1  -1   1  -1  -1   1  -1   1  -1   1   1  -1  -1   1  -1   1  -1
 1 -1 -1 -1  1 -1 -1  1 -1  1  -1  -1   1  -1  -1   1  -1   1  -1  -1  -1  -1  -1  -1   1  -1  -1  -1   1   1  -1   1  -1   1   1  -1   1
-1  1 -1 -1 -1 -1  1 -1  1 -1   1   1   1  -1   1  -1   1   1  -1   1   1  -1   1  -1   1   1   1  -1  -1  -1   1   1  -1   1  -1  -1  -1
 1  1  1 -1  1  1 -1 -1 -1  1   1  -1   1  -1  -1   1   1   1   1   1   1  -1   1   1   1  -1   1   1  -1  -1  -1  -1   1  -1   1  -1   1
 1  1 -1  1  1  1  1 -1  1 -1   1  -1  -1  -1   1  -1  -1  -1  -1   1   1  -1   1  -1  -1  -1   1   1  -1   1  -1   1  -1  -1   1  -1   1
 1 -1  1 -1 -1 -1  1  1  1  1   1   1   1   1  -1  -1  -1   1  -1   1  -1   1  -1   1  -1   1  -1  -1  -1   1  -1   1   1   1  -1   1   1
-1  1 -1 -1  1 -1  1 -1  1  1   1  -1   1   1  -1   1   1  -1   1   1  -1   1  -1   1   1   1   1  -1  -1  -1   1  -1   1   1  -1   1   1
-1  1  1  1 -1 -1  1  1  1  1  -1  -1   1   1   1  -1   1  -1   1  -1  -1   1  -1  -1  -1   1   1  -1  -1   1  -1   1  -1  -1   1   1   1
 1  1 -1  1  1  1 -1 -1 -1 -1  -1   1   1   1   1  -1  -1   1   1  -1  -1   1  -1   1  -1  -1   1  -1   1  -1  -1   1  -1  -1   1  -1   1
-1 -1 -1 -1  1 -1 -1  1  1 -1   1  -1  -1  -1   1   1   1  -1  -1  -1   1   1  -1  -1   1   1  -1  -1   1   1  -1   1   1  -1   1   1  -1
 1 -1  1 -1  1  1 -1  1  1 -1  -1   1   1  -1   1   1   1  -1   1   1   1   1  -1   1   1  -1  -1  -1  -1  -1   1   1   1   1  -1  -1  -1
-1 -1  1  1 -1 -1  1  1 -1 -1   1   1   1   1   1   1  -1  -1  -1  -1  -1  -1   1  -1  -1   1  -1  -1   1  -1  -1   1   1  -1   1  -1   1
 1  1 -1  1 -1 -1  1  1  1  1   1   1   1  -1   1  -1  -1   1   1   1  -1  -1   1  -1  -1  -1  -1  -1   1   1   1   1  -1  -1   1   1  -1
 1 -1  1 -1 -1 -1  1 -1 -1  1   1   1   1   1   1   1   1  -1   1  -1   1  -1   1  -1   1  -1   1  -1  -1   1  -1   1   1   1  -1   1   1
-1  1 -1  1 -1  1  1  1 -1 -1  -1   1   1   1  -1  -1  -1   1  -1   1   1  -1  -1   1  -1   1   1  -1   1  -1   1   1   1  -1  -1   1  -1
 1 -1  1 -1 -1  1 -1 -1 -1  1  -1  -1   1   1   1   1  -1  -1   1  -1   1   1  -1   1  -1   1   1  -1  -1  -1   1  -1  -1   1  -1   1   1
 1  1 -1  1  1 -1  1 -1  1 -1   1  -1   1   1   1  -1   1   1   1   1   1   1  -1   1  -1  -1  -1   1  -1  -1  -1   1  -1   1  -1   1  -1
-1  1 -1 -1  1 -1 -1  1 -1  1  -1   1  -1  -1   1  -1  -1  -1   1  -1   1  -1   1  -1   1   1   1  -1  -1  -1  -1   1  -1  -1   1  -1  -1
 1 -1  1  1 -1  1  1 -1  1  1  -1   1   1  -1   1  -1   1   1  -1  -1   1  -1  -1   1  -1  -1   1   1  -1  -1   1  -1   1   1   1   1  -1
-1  1 -1 -1  1 -1 -1  1  1  1  -1   1  -1  -1   1  -1  -1  -1   1   1  -1   1  -1   1  -1  -1  -1   1   1   1   1  -1   1   1  -1   1   1
 1  1  1  1  1  1 -1 -1 -1  1  -1  -1  -1  -1  -1  -1  -1   1   1  -1  -1  -1  -1  -1   1   1   1   1   1   1  -1  -1  -1  -1  -1  -1  -1
 1  1 -1 -1  1 -1 -1 -1  1 -1   1   1   1  -1   1   1  -1  -1  -1  -1  -1   1   1  -1   1  -1   1   1   1   1   1  -1  -1  -1  -1  -1  -1
-1  1 -1  1 -1  1 -1 -1  1 -1   1  -1  -1  -1   1   1   1   1  -1  -1  -1   1   1  -1  -1   1   1  -1   1  -1  -1  -1  -1   1   1  -1   1
-1  1 -1  1 -1  1  1  1  1 -1  -1   1   1   1  -1  -1  -1   1  -1  -1  -1   1   1  -1   1  -1  -1   1  -1   1  -1  -1  -1   1   1  -1   1
 1  1 -1 -1 -1 -1  1 -1 -1  1  -1   1  -1  -1  -1  -1  -1  -1  -1   1  -1   1   1  -1   1  -1   1  -1  -1  -1   1   1   1  -1  -1   1   1
-1 -1  1 -1 -1  1 -1  1 -1 -1   1  -1  -1   1   1  -1  -1  -1  -1   1   1   1   1  -1   1   1  -1  -1  -1  -1   1  -1   1  -1  -1  -1  -1
 1  1 -1 -1  1 -1 -1 -1 -1 -1   1   1   1  -1   1   1  -1  -1  -1   1   1  -1  -1   1  -1   1  -1  -1  -1  -1  -1   1   1   1   1   1   1
 1 -1  1 -1 -1  1 -1  1 -1  1  -1  -1   1   1  -1  -1   1   1  -1  -1   1   1  -1   1  -1   1   1   1   1   1  -1   1   1  -1   1  -1  -1
-1  1  1 -1 -1  1  1  1  1  1   1  -1   1  -1   1   1   1   1  -1   1   1  -1  -1  -1  -1  -1  -1  -1   1   1  -1   1   1   1   1  -1   1
-1  1 -1  1 -1  1  1 -1 -1 -1  -1   1   1   1   1   1   1  -1   1   1   1  -1  -1   1  -1   1   1   1  -1   1  -1  -1  -1   1   1  -1   1
-1  1  1 -1 -1  1 -1  1 -1  1  -1   1  -1   1   1   1   1  -1   1  -1  -1   1   1   1  -1  -1  -1   1  -1  -1  -1   1   1   1   1  -1   1
-1 -1 -1 -1  1  1 -1  1  1 -1   1  -1   1   1   1   1  -1   1   1  -1   1  -1   1   1   1   1   1  -1   1  -1  -1   1   1   1  -1  -1   1
 1 -1 -1  1  1  1  1  1  1  1  -1   1  -1  -1  -1  -1  -1   1  -1  -1  -1  -1   1   1   1   1   1   1   1  -1  -1   1   1  -1   1   1   1
 1  1  1  1  1 -1 -1  1 -1  1  -1  -1   1   1   1   1  -1   1   1  -1  -1   1   1   1   1   1  -1  -1  -1   1   1   1   1  -1  -1  -1  -1
-1  1 -1 -1 -1  1 -1 -1 -1 -1  -1  -1   1  -1   1  -1  -1   1  -1  -1  -1  -1   1  -1   1   1  -1   1   1  -1   1   1  -1  -1   1   1   1
-1 -1 -1 -1 -1  1 -1 -1 -1  1   1   1   1  -1   1   1   1   1   1   1   1  -1   1   1  -1  -1  -1  -1   1  -1  -1  -1  -1   1  -1   1  -1
 1 -1 -1 -1  1  1  1  1 -1  1   1   1   1  -1  -1   1   1   1  -1  -1  -1   1   1   1  -1   1  -1  -1   1  -1   1  -1   1   1   1  -1   1
 1  1 -1 -1 -1  1  1  1  1  1  -1   1   1   1   1   1  -1  -1  -1  -1   1   1   1  -1  -1   1   1  -1  -1   1   1   1   1   1   1  -1  -1
 1  1  1  1  1 -1  1 -1  1  1   1   1  -1  -1  -1  -1   1   1   1   1   1  -1  -1  -1   1   1  -1  -1  -1   1  -1  -1  -1   1   1   1   1
 1  1 -1  1  1  1  1 -1 -1 -1   1  -1  -1  -1   1  -1  -1  -1  -1  -1  -1   1  -1   1   1   1  -1  -1   1  -1   1  -1   1   1  -1   1  -1
-1 -1 -1  1  1 -1 -1  1  1 -1  -1  -1   1  -1   1  -1  -1  -1  -1   1  -1   1   1   1   1  -1  -1  -1  -1  -1  -1   1  -1  -1  -1   1   1
-1 -1 -1  1 -1 -1 -1  1 -1  1  -1   1   1   1  -1   1  -1   1   1  -1  -1   1   1   1  -1   1   1   1   1   1   1   1  -1   1   1   1   1
 1 -1 -1  1  1 -1  1  1 -1  1  -1   1   1   1  -1  -1   1  -1   1   1   1  -1   1   1  -1  -1   1  -1  -1  -1   1  -1  -1  -1   1   1   1
-1 -1 -1 -1 -1  1 -1 -1  1  1   1   1   1  -1   1   1   1   1   1  -1  -1   1  -1  -1   1   1   1   1  -1   1   1   1   1  -1   1  -1   1
-1 -1  1  1 -1  1 -1  1 -1 -1  -1  -1   1   1   1   1   1  -1  -1  -1  -1   1  -1   1   1  -1  -1  -1   1   1   1  -1  -1  -1   1  -1   1
 1 -1  1 -1  1 -1 -1  1  1 -1  -1   1  -1   1   1   1  -1   1  -1   1   1  -1   1  -1   1  -1   1  -1  -1   1   1   1   1  -1   1   1   1
 1 -1  1  1  1 -1  1 -1 -1 -1  -1  -1  -1  -1  -1   1  -1   1  -1   1   1   1   1  -1   1   1   1  -1   1  -1  -1  -1   1   1   1  -1   1
 1  1  1 -1  1 -1 -1 -1  1  1   1  -1  -1   1  -1   1  -1  -1  -1  -1  -1  -1   1   1  -1   1   1  -1   1  -1   1   1  -1  -1   1  -1   1
-1  1  1  1 -1  1 -1 -1 -1  1   1   1   1   1  -1   1   1   1  -1   1   1   1  -1  -1  -1   1  -1  -1  -1  -1   1  -1   1  -1   1   1   1
 1 -1  1  1 -1 -1  1 -1 -1  1  -1   1  -1   1   1  -1  -1  -1   1   1  -1  -1  -1   1   1   1   1  -1   1  -1  -1   1  -1   1   1   1  -1
-1 -1  1  1  1  1 -1  1  1  1  -1   1   1  -1  -1  -1   1   1   1   1  -1   1  -1   1  -1   1   1   1  -1  -1  -1  -1  -1   1  -1  -1   1
-1 -1  1 -1  1 -1  1 -1 -1  1  -1  -1  -1  -1   1  -1  -1  -1  -1   1  -1   1   1  -1  -1  -1  -1   1   1  -1   1   1  -1   1   1  -1  -1
-1  1  1 -1  1 -1 -1  1  1 -1  -1  -1   1   1  -1  -1  -1  -1   1   1  -1  -1  -1  -1   1   1  -1  -1   1  -1   1   1   1   1   1   1  -1
 1  1  1  1 -1  1  1  1 -1 -1   1  -1   1  -1  -1  -1   1  -1  -1  -1   1   1   1   1  -1  -1  -1  -1  -1  -1  -1   1   1  -1  -1   1   1
 1  1  1 -1  1 -1 -1  1 -1  1   1  -1  -1   1   1  -1   1   1   1   1   1   1  -1  -1   1  -1  -1  -1   1  -1   1   1  -1  -1   1  -1   1
-1  1  1  1 -1  1  1  1 -1  1  -1  -1  -1  -1   1  -1  -1   1  -1   1   1   1  -1  -1   1  -1   1   1   1   1   1  -1   1  -1   1   1   1
 1 -1 -1 -1 -1  1 -1 -1 -1 -1  -1   1  -1  -1  -1   1  -1  -1   1  -1   1  -1  -1  -1   1  -1   1   1  -1   1   1   1  -1   1   1   1  -1
-1  1  1  1  1  1 -1 -1 -1 -1   1  -1   1  -1   1  -1   1  -1   1   1  -1  -1   1   1  -1   1  -1  -1  -1  -1   1   1  -1  -1   1  -1  -1
 1 -1  1 -1 -1  1  1 -1  1  1   1   1  -1  -1   1   1  -1   1  -1   1  -1  -1   1  -1  -1   1   1   1   1   1   1  -1  -1   1  -1   1   1
-1  1  1 -1  1 -1 -1 -1  1 -1  -1  -1   1   1   1   1   1   1  -1   1  -1  -1  -1  -1   1   1  -1   1  -1   1  -1  -1  -1  -1  -1  -1   1
 1 -1  1  1 -1  1 -1 -1 -1  1   1  -1  -1   1   1  -1   1  -1   1   1  -1   1   1  -1  -1  -1   1  -1   1   1   1  -1   1   1   1   1  -1
-1 -1  1 -1 -1  1  1  1  1 -1  -1   1   1  -1   1  -1  -1   1   1  -1  -1  -1  -1   1   1   1  -1   1   1   1   1  -1   1  -1  -1  -1  -1
 1  1 -1 -1  1 -1  1  1 -1 -1  -1  -1  -1   1  -1  -1   1  -1  -1   1   1  -1  -1   1   1  -1   1   1   1   1  -1   1   1   1   1   1   1
 1 -1  1  1  1 -1 -1  1 -1 -1   1   1   1   1   1  -1   1   1  -1   1   1   1   1  -1  -1  -1  -1   1  -1   1  -1  -1   1   1   1  -1   1
 1 -1  1  1  1 -1 -1 -1 -1 -1   1   1   1   1  -1   1  -1  -1   1   1   1   1   1  -1  -1  -1  -1  -1   1  -1   1   1  -1  -1  -1   1  -1
-1  1 -1 -1 -1  1 -1  1  1 -1  -1  -1   1  -1  -1   1   1  -1   1   1   1   1  -1   1  -1  -1   1   1   1  -1   1   1  -1  -1   1   1   1
-1 -1 -1 -1  1 -1  1  1  1 -1  -1   1   1   1   1   1   1   1   1  -1   1   1  -1  -1  -1  -1   1  -1   1   1   1  -1  -1   1  -1  -1   1
-1  1 -1 -1 -1 -1 -1  1 -1 -1  -1  -1  -1   1  -1   1  -1   1  -1  -1  -1   1  -1   1   1   1   1  -1  -1  -1  -1  -1   1  -1   1   1   1
 1  1 -1 -1  1  1 -1 -1 -1 -1   1   1  -1   1   1   1   1   1   1   1   1   1   1  -1  -1   1   1  -1  -1   1  -1   1   1  -1  -1  -1  -1
 1 -1  1  1  1  1  1  1 -1 -1  -1  -1   1   1   1  -1  -1   1  -1   1   1  -1  -1   1   1   1  -1   1  -1  -1   1   1  -1   1   1  -1   1
 1 -1 -1  1  1  1  1 -1  1  1  -1   1  -1  -1   1   1   1  -1   1  -1  -1  -1   1   1   1   1   1  -1  -1   1   1  -1  -1   1  -1  -1  -1
 1 -1  1 -1  1 -1  1 -1  1 -1   1  -1   1  -1  -1  -1   1   1  -1   1   1  -1   1  -1  -1   1  -1   1   1  -1   1   1   1  -1   1   1   1
 1 -1  1  1  1  1  1 -1 -1 -1  -1  -1   1   1  -1   1   1  -1   1   1   1  -1  -1   1   1   1  -1  -1   1   1  -1  -1   1  -1  -1   1  -1
 1  1  1  1 -1 -1  1  1  1 -1   1  -1  -1   1  -1  -1  -1   1   1   1  -1   1   1   1   1   1  -1   1   1  -1   1  -1  -1  -1  -1   1   1
 1 -1  1  1 -1 -1 -1  1 -1  1   1  -1   1  -1  -1   1   1  -1   1   1  -1  -1  -1   1  -1  -1  -1   1  -1   1  -1   1  -1   1   1   1  -1
-1  1 -1  1 -1 -1 -1 -1 -1 -1   1  -1   1   1   1   1  -1  -1   1   1   1   1   1  -1   1  -1   1   1  -1  -1   1   1   1   1   1  -1   1
-1 -1 -1 -1  1 -1 -1 -1  1 -1   1  -1  -1  -1  -1  -1  -1   1   1  -1   1   1  -1  -1   1   1  -1   1  -1  -1   1  -1  -1   1  -1  -1   1
 1  1 -1 -1  1  1 -1  1  1 -1   1   1  -1   1  -1  -1  -1  -1  -1  -1  -1  -1  -1   1   1  -1  -1  -1  -1   1  -1   1   1  -1  -1  -1  -1
-1 -1 -1  1 -1  1 -1 -1 -1  1  -1   1  -1  -1   1  -1  -1   1   1  -1  -1  -1  -1  -1  -1   1  -1  -1  -1   1  -1  -1   1   1   1   1   1
 1  1  1 -1 -1  1 -1  1 -1 -1   1   1   1   1  -1   1  -1   1   1   1  -1   1  -1  -1   1  -1   1  -1   1   1   1  -1   1   1  -1  -1   1
-1  1  1 -1  1  1 -1  1 -1 -1  -1  -1  -1  -1  -1  -1   1   1  -1  -1   1  -1  -1  -1  -1  -1  -1   1  -1  -1  -1  -1  -1   1   1   1  -1
 1  1 -1  1 -1  1  1 -1  1  1   1   1  -1   1  -1   1  -1   1   1   1  -1   1  -1   1  -1  -1   1   1  -1   1  -1  -1   1  -1   1   1  -1
 1 -1  1  1  1 -1  1 -1  1 -1  -1  -1  -1  -1  -1   1  -1   1  -1  -1  -1  -1  -1   1  -1  -1  -1   1  -1   1   1   1  -1  -1  -1   1  -1
 1  1  1  1 -1 -1  1 -1  1 -1   1  -1  -1   1   1   1   1  -1  -1   1  -1   1   1   1   1   1  -1  -1  -1   1  -1   1   1   1   1  -1  -1
 1 -1  1 -1 -1 -1  1 -1  1  1   1   1   1   1   1   1   1  -1   1   1  -1   1  -1   1  -1   1  -1   1   1  -1   1  -1  -1  -1   1  -1  -1
 1 -1 -1  1  1 -1 -1 -1 -1  1   1  -1  -1  -1   1   1  -1  -1   1   1   1  -1   1   1   1   1  -1   1   1   1   1  -1  -1  -1   1   1   1
 1  1  1  1  1  1  1 -1 -1  1   1   1   1   1  -1  -1  -1  -1  -1  -1  -1  -1  -1  -1  -1  -1  -1   1   1   1   1   1   1   1   1   1   1
-1 -1  1 -1  1  1  1 -1  1  1  -1  -1   1   1   1  -1   1   1   1  -1   1   1   1  -1   1   1  -1  -1  -1  -1  -1  -1   1   1   1  -1  -1
 1  1 -1 -1 -1  1 -1 -1 -1  1   1  -1  -1  -1  -1  -1   1  -1  -1   1  -1  -1  -1   1  -1   1   1  -1  -1   1  -1  -1  -1  -1  -1   1   1
-1 -1 -1  1  1  1 -1  1  1 -1  -1  -1  -1   1   1  -1   1   1   1   1  -1  -1  -1  -1   1  -1   1  -1  -1   1  -1   1  -1   1   1  -1  -1
 1 -1 -1  1 -1  1  1  1  1 -1  -1  -1  -1   1   1   1  -1  -1   1  -1   1   1  -1  -1   1   1   1   1   1  -1  -1  -1  -1  -1   1  -1  -1
 1  1 -1  1 -1 -1  1 -1 -1  1   1   1   1  -1  -1   1   1  -1  -1  -1   1   1  -1   1   1   1   1  -1   1   1   1   1  -1  -1   1   1  -1
-1  1  1 -1  1  1  1 -1  1 -1   1   1   1   1   1   1  -1   1  -1   1  -1   1   1   1  -1  -1  -1   1  -1  -1   1   1   1  -1  -1  -1   1
-1 -1  1 -1  1  1  1 -1 -1  1  -1  -1   1   1   1  -1   1   1   1   1  -1  -1  -1   1  -1  -1   1   1   1   1   1   1  -1  -1  -1   1   1
-1 -1 -1 -1 -1  1  1 -1  1  1  -1  -1  -1   1   1   1   1  -1  -1  -1  -1   1  -1  -1  -1  -1  -1   1  -1   1  -1  -1  -1   1  -1   1  -1
-1  1 -1 -1  1 -1  1  1  1  1   1  -1   1   1   1  -1  -1   1  -1   1  -1   1  -1   1   1   1   1   1   1   1  -1   1  -1  -1   1  -1  -1
 1  1  1  1 -1  1 -1 -1 -1 -1  -1   1  -1   1   1   1  -1  -1  -1  -1   1   1   1   1   1   1   1   1   1   1  -1   1   1  -1  -1   1   1
-1  1 -1 -1 -1  1  1  1 -1 -1   1   1  -1   1  -1   1   1   1  -1  -1  -1  -1   1  -1  -1  -1   1  -1  -1   1   1   1  -1  -1   1   1   1
-1 -1  1  1 -1 -1  1 -1  1 -1   1   1   1   1  -1  -1   1   1   1   1   1   1  -1   1   1  -1   1  -1   1  -1  -1   1   1  -1   1  -1   1
 1 -1  1 -1  1  1 -1 -1 -1 -1  -1   1   1  -1  -1  -1  -1   1  -1  -1  -1  -1   1  -1  -1   1   1  -1  -1  -1   1   1   1   1  -1  -1  -1
 1 -1 -1  1 -1  1  1 -1  1 -1  -1  -1  -1   1  -1  -1   1   1  -1  -1   1   1  -1  -1   1   1   1  -1  -1   1   1   1   1   1  -1   1   1
 1  1 -1  1  1 -1 -1  1 -1 -1  -1   1  -1  -1  -1   1  -1   1   1  -1  -1  -1   1  -1  -1  -1  -1   1  -1  -1   1  -1   1  -1   1  -1   1
-1 -1  1 -1  1 -1  1  1  1  1  -1  -1  -1  -1  -1   1   1   1   1  -1   1  -1  -1   1   1   1   1   1   1  -1   1   1  -1   1   1  -1  -1
 1 -1  1  1 -1  1 -1 -1  1  1   1  -1  -1   1   1  -1   1  -1   1  -1   1  -1  -1   1   1   1  -1   1  -1  -1  -1   1  -1  -1  -1  -1   1
-1 -1  1 -1 -1  1 -1 -1  1 -1   1  -1  -1   1  -1   1   1   1   1  -1  -1  -1  -1   1  -1  -1   1  -1  -1  -1   1  -1   1  -1  -1  -1  -1
-1  1  1  1 -1 -1 -1  1 -1  1   1   1  -1  -1   1  -1   1   1  -1   1   1  -1   1   1  -1   1   1   1   1  -1  -1   1  -1  -1   1   1   1
 1 -1 -1 -1  1 -1 -1 -1  1  1  -1  -1   1  -1   1  -1   1  -1   1   1   1   1   1   1  -1   1   1  -1   1   1  -1   1  -1   1   1  -1   1
-1  1  1  1  1  1  1 -1  1 -1  -1   1  -1   1   1  -1   1   1  -1  -1   1   1  -1  -1  -1   1  -1   1   1   1   1   1  -1  -1   1  -1  -1
-1  1 -1  1  1  1  1 -1 -1  1  -1  -1   1  -1  -1  -1   1   1  -1   1  -1   1   1  -1  -1   1   1   1  -1   1  -1   1   1   1   1   1  -1
-1  1 -1  1 -1 -1  1  1 -1 -1  -1   1  -1  -1  -1  -1   1  -1   1   1   1   1   1  -1  -1   1  -1  -1   1   1   1   1   1   1   1  -1   1
-1 -1 -1  1 -1 -1  1 -1 -1  1   1  -1  -1  -1   1  -1   1   1   1  -1  -1   1   1   1   1  -1  -1  -1  -1  -1   1   1  -1   1   1   1   1
-1 -1  1  1 -1  1  1  1 -1 -1   1   1  -1  -1   1   1   1   1   1  -1  -1   1  -1   1  -1   1   1  -1   1   1  -1   1   1   1  -1   1  -1
-1  1  1  1  1  1 -1  1  1 -1   1  -1   1  -1  -1   1  -1   1  -1  -1   1   1  -1  -1   1  -1   1  -1  -1  -1   1   1  -1  -1   1  -1  -1
 1  1 -1 -1  1 -1 -1  1 -1 -1   1   1   1  -1  -1  -1   1   1   1   1   1  -1  -1   1  -1   1  -1   1   1   1   1  -1  -1  -1  -1  -1  -1
 1 -1  1 -1  1  1  1 -1  1 -1   1  -1  -1   1  -1  -1  -1  -1   1   1   1   1  -1   1  -1   1   1   1   1   1   1   1   1   1  -1  -1  -1
 1 -1  1 -1  1  1  1 -1 -1 -1   1  -1  -1   1  -1  -1  -1  -1   1  -1  -1  -1   1  -1   1  -1  -1  -1  -1  -1  -1  -1  -1  -1   1   1   1
 1 -1  1  1 -1  1  1  1  1  1  -1   1   1  -1  -1   1  -1  -1   1  -1   1  -1  -1   1  -1  -1   1  -1   1   1  -1   1  -1  -1  -1  -1   1
 1  1  1 -1  1  1 -1  1  1  1   1  -1   1  -1   1  -1  -1  -1  -1  -1  -1   1  -1  -1  -1   1  -1   1  -1  -1  -1  -1   1  -1   1  -1   1
-1  1  1  1 -1  1 -1  1 -1  1   1   1   1   1   1  -1  -1  -1   1   1   1   1  -1  -1  -1   1  -1   1   1   1  -1   1  -1   1  -1  -1  -1
-1  1 -1 -1  1 -1 -1 -1  1  1  -1   1  -1  -1  -1   1   1   1  -1   1  -1   1  -1   1  -1  -1  -1  -1  -1  -1  -1   1  -1  -1   1  -1  -1
-1 -1  1  1 -1 -1 -1 -1  1 -1  -1  -1  -1  -1  -1  -1   1  -1  -1   1   1   1  -1   1  -1   1  -1  -1   1  -1   1  -1  -1   1  -1   1  -1
 1 -1 -1  1 -1 -1  1  1  1 -1  -1  -1   1  -1   1   1   1   1  -1  -1   1  -1   1   1   1   1  -1   1   1   1  -1  -1  -1   1  -1   1   1
-1  1 -1 -1 -1  1  1 -1  1 -1   1   1  -1   1   1  -1  -1  -1   1   1   1   1  -1   1   1   1  -1  -1  -1   1   1   1  -1  -1   1   1   1
-1 -1 -1  1 -1  1 -1  1 -1  1  -1   1  -1  -1  -1   1   1  -1  -1  -1  -1  -1  -1  -1  -1   1  -1   1   1  -1   1   1  -1  -1  -1  -1  -1
-1  1 -1  1  1 -1 -1 -1  1  1   1   1   1  -1  -1  -1  -1   1  -1  -1   1   1   1  -1  -1   1  -1  -1   1   1  -1   1   1  -1  -1  -1   1
 1  1  1 -1 -1  1  1  1 -1 -1  -1  -1  -1  -1  -1   1  -1  -1  -1   1  -1   1  -1  -1  -1   1  -1  -1   1   1  -1   1  -1  -1   1   1  -1
 1  1 -1  1 -1 -1  1 -1  1  1   1   1   1  -1  -1   1   1  -1  -1   1  -1  -1   1  -1  -1  -1  -1   1  -1  -1  -1  -1   1   1  -1  -1   1
 1  1 -1 -1  1 -1  1 -1 -1 -1  -1  -1  -1   1   1   1  -1   1   1   1   1  -1  -1   1   1  -1   1  -1  -1  -1   1  -1  -1  -1  -1  -1  -1
 1 -1  1  1  1  1  1 -1  1 -1  -1  -1   1   1  -1   1   1  -1   1  -1  -1   1   1  -1  -1  -1   1   1  -1  -1   1   1  -1   1   1  -1   1
-1  1 -1 -1  1  1  1  1 -1  1   1  -1  -1  -1   1  -1   1  -1   1  -1   1   1  -1   1  -1  -1   1  -1  -1   1   1  -1   1  -1   1  -1  -1
 1 -1 -1 -1  1  1 -1 -1 -1  1  -1  -1  -1   1   1  -1  -1   1  -1  -1  -1   1   1   1   1  -1   1   1  -1   1   1  -1   1   1   1  -1   1
 1  1 -1  1 -1  1 -1  1  1  1  -1  -1   1  -1   1  -1   1   1   1   1  -1   1  -1   1   1   1  -1  -1   1  -1  -1  -1   1  -1   1   1  -1
 1  1 -1 -1 -1  1 -1 -1  1  1   1  -1  -1  -1  -1  -1   1  -1  -1  -1   1   1   1  -1   1  -1  -1   1   1  -1   1   1   1   1   1  -1  -1
 1  1  1  1 -1  1 -1  1  1 -1  -1   1  -1   1  -1  -1   1   1   1   1  -1  -1  -1  -1  -1  -1  -1   1   1   1  -1   1   1  -1  -1   1   1
-1  1 -1  1  1  1  1  1  1  1  -1  -1   1  -1   1   1  -1  -1   1  -1   1  -1  -1   1   1  -1  -1   1  -1   1  -1   1   1   1   1   1  -1
-1  1 -1 -1 -1 -1 -1 -1  1 -1  -1  -1  -1   1   1  -1   1  -1   1   1   1  -1   1  -1  -1  -1  -1  -1  -1  -1  -1  -1   1  -1   1   1   1
 1 -1  1  1  1  1  1  1  1 -1  -1  -1   1   1   1  -1  -1   1  -1  -1  -1   1   1  -1  -1  -1   1  -1   1   1  -1  -1   1  -1  -1   1  -1
-1  1  1 -1  1 -1  1 -1 -1 -1   1   1  -1  -1   1   1   1  -1   1  -1   1   1   1   1   1   1  -1  -1   1  -1  -1  -1  -1  -1  -1  -1   1
-1  1 -1  1  1 -1  1 -1  1  1  -1  -1  -1   1  -1  -1  -1  -1   1  -1   1   1   1  -1   1  -1   1  -1   1   1   1  -1  -1   1   1   1  -1
 1 -1 -1 -1  1  1  1 -1  1  1   1   1   1  -1   1  -1  -1  -1   1   1   1  -1  -1  -1   1  -1   1  -1   1  -1   1  -1   1   1   1  -1   1
-1 -1 -1 -1  1 -1  1 -1 -1 -1  -1   1   1   1  -1  -1  -1  -1  -1   1  -1  -1   1   1   1   1  -1  -1   1   1   1  -1  -1   1  -1  -1   1
-1 -1  1 -1  1 -1 -1  1  1  1   1   1   1   1  -1   1   1  -1  -1  -1   1  -1  -1   1  -1  -1  -1   1   1  -1  -1  -1   1  -1  -1   1   1
-1 -1  1  1  1 -1  1 -1 -1  1   1  -1   1  -1   1   1   1  -1  -1  -1   1   1  -1   1  -1   1  -1   1  -1   1   1   1   1   1  -1  -1   1
-1  1  1  1  1  1  1  1  1 -1  -1   1  -1   1  -1   1  -1  -1   1  -1   1   1  -1  -1  -1   1  -1  -1  -1  -1  -1  -1   1   1  -1   1   1
 1  1 -1  1  1  1  1  1  1 -1   1  -1  -1  -1  -1   1   1   1   1   1   1  -1   1  -1  -1  -1   1  -1   1  -1   1  -1   1   1  -1   1  -1
-1  1  1 -1  1 -1 -1  1 -1 -1  -1  -1   1   1  -1  -1  -1  -1   1  -1   1   1   1   1  -1  -1   1   1  -1   1  -1  -1  -1  -1  -1  -1   1
-1  1 -1  1  1  1 -1 -1  1  1   1   1  -1   1  -1  -1   1  -1   1  -1   1  -1  -1   1  -1   1   1  -1   1  -1  -1   1   1   1   1   1  -1
 1 -1 -1 -1 -1 -1  1 -1  1 -1   1  -1  -1  -1  -1   1   1  -1   1   1  -1  -1  -1  -1   1  -1  -1  -1   1   1   1   1  -1  -1  -1  -1   1
 1  1 -1 -1 -1 -1 -1 -1  1  1   1  -1   1   1  -1  -1  -1   1   1  -1   1  -1  -1   1   1  -1   1   1   1   1   1   1   1  -1  -1   1   1
-1 -1 -1  1 -1 -1 -1 -1  1  1  -1   1   1   1   1  -1   1  -1  -1   1   1  -1  -1  -1   1  -1  -1   1   1   1   1   1  -1   1   1   1   1
 1  1 -1 -1  1 -1 -1  1  1 -1   1   1   1  -1  -1  -1   1   1   1  -1  -1   1   1  -1   1  -1   1  -1  -1  -1  -1   1   1   1   1   1   1
 1  1  1 -1  1 -1  1  1  1  1  -1   1   1  -1   1  -1   1  -1  -1  -1  -1  -1   1   1   1  -1  -1   1  -1   1   1   1  -1  -1   1  -1   1
 1  1 -1  1  1  1 -1 -1  1 -1  -1   1   1   1   1  -1  -1   1   1   1   1  -1   1  -1   1   1  -1   1  -1   1   1  -1   1   1  -1   1  -1
-1 -1 -1  1 -1  1  1  1  1  1   1  -1   1   1  -1   1   1   1   1   1   1   1   1   1  -1   1  -1  -1  -1   1   1   1  -1  -1  -1  -1  -1
-1  1  1 -1  1  1  1  1 -1 -1   1   1   1   1  -1  -1   1  -1   1  -1   1  -1  -1  -1   1   1   1   1  -1  -1   1   1   1  -1  -1  -1   1
-1 -1  1  1 -1 -1  1  1  1 -1   1   1   1   1   1   1  -1  -1  -1   1   1   1  -1   1   1  -1   1   1  -1   1   1  -1  -1   1  -1   1  -1
-1 -1 -1  1 -1  1  1 -1 -1  1   1  -1   1   1   1  -1  -1  -1  -1  -1  -1  -1  -1  -1   1  -1   1  -1  -1   1   1   1  -1  -1  -1  -1  -1
 1  1  1 -1  1  1  1  1  1  1  -1   1  -1   1   1  -1  -1   1   1  -1  -1   1  -1  -1   1  -1   1   1  -1  -1   1   1  -1   1  -1   1  -1
 1  1  1 -1  1 -1  1 -1 -1  1  -1   1   1  -1  -1   1  -1   1   1   1   1   1  -1  -1  -1   1   1   1  -1   1   1   1  -1  -1   1  -1   1
 1  1 -1 -1 -1 -1 -1 -1 -1  1   1  -1   1   1  -1  -1  -1   1   1   1  -1   1   1  -1  -1   1  -1  -1  -1  -1  -1  -1  -1   1   1  -1  -1
 1 -1 -1 -1 -1  1  1 -1 -1 -1   1  -1   1   1  -1   1  -1   1  -1  -1   1  -1  -1  -1  -1   1  -1   1  -1   1  -1  -1   1  -1  -1  -1   1
-1 -1 -1 -1 -1 -1  1 -1 -1  1  -1  -1   1  -1   1   1  -1   1   1   1   1   1  -1  -1   1   1  -1  -1   1   1   1   1   1   1  -1   1  -1
 1 -1  1  1  1  1 -1  1  1 -1   1   1  -1  -1   1  -1  -1  -1   1  -1  -1   1   1  -1   1   1  -1  -1   1   1   1   1  -1   1   1  -1   1
-1 -1  1 -1 -1 -1  1  1  1 -1  -1   1  -1   1   1  -1   1  -1  -1  -1  -1   1   1  -1   1   1   1   1   1  -1   1  -1   1   1   1   1   1
-1  1  1 -1 -1 -1  1  1  1  1   1  -1  -1   1   1   1  -1  -1   1   1   1   1   1   1  -1  -1   1  -1   1  -1  -1   1   1  -1  -1   1  -1
-1  1  1  1  1 -1  1  1 -1 -1  -1   1   1  -1  -1   1   1   1  -1   1  -1   1  -1  -1   1  -1  -1   1   1  -1   1   1  -1   1  -1   1   1
 1 -1  1 -1  1 -1  1  1  1 -1   1  -1   1  -1   1   1  -1  -1   1   1   1  -1   1  -1  -1   1  -1  -1  -1   1  -1  -1  -1   1  -1  -1  -1
-1  1  1 -1  1  1 -1 -1  1 -1  -1  -1  -1  -1   1   1  -1  -1   1   1  -1   1   1   1   1   1   1   1  -1  -1  -1  -1  -1   1   1   1  -1
-1 -1 -1 -1 -1  1 -1  1  1  1   1   1   1  -1  -1  -1  -1  -1  -1  -1  -1   1  -1  -1   1   1   1  -1   1  -1  -1  -1  -1   1  -1   1  -1
 1  1  1 -1 -1  1  1 -1  1 -1  -1  -1  -1  -1   1  -1   1   1   1  -1   1  -1   1   1   1  -1   1  -1   1   1  -1   1  -1  -1   1   1  -1
 1 -1 -1 -1 -1  1  1  1 -1 -1   1  -1   1   1   1  -1   1  -1   1  -1   1  -1  -1  -1  -1   1  -1  -1   1  -1   1   1  -1   1   1   1  -1
 1 -1 -1  1 -1 -1 -1 -1  1 -1   1   1  -1   1  -1  -1  -1   1  -1  -1   1  -1   1   1  -1  -1   1  -1  -1  -1  -1  -1  -1   1  -1   1   1
-1  1  1 -1  1 -1  1  1  1 -1   1   1  -1  -1  -1  -1  -1   1  -1   1  -1  -1  -1  -1  -1  -1   1  -1   1  -1  -1  -1  -1  -1  -1  -1   1
 1 -1  1 -1 -1  1  1  1  1  1   1   1  -1  -1  -1  -1   1  -1   1   1  -1  -1   1  -1  -1   1   1  -1  -1  -1  -1   1   1  -1   1  -1  -1
-1  1 -1  1 -1 -1 -1 -1  1 -1   1  -1   1   1   1   1  -1  -1   1  -1  -1  -1  -1   1  -1   1  -1  -1   1   1  -1  -1  -1  -1  -1   1  -1
 1 -1 -1  1 -1  1 -1 -1  1 -1   1   1   1  -1  -1  -1   1  -1   1  -1   1   1  -1  -1  -1  -1  -1  -1  -1   1  -1  -1  -1  -1   1  -1  -1
-1 -1 -1  1  1  1  1 -1 -1 -1   1   1   1  -1  -1   1  -1   1   1  -1   1   1   1   1   1  -1   1  -1  -1   1   1  -1   1  -1  -1   1   1
-1 -1  1  1  1 -1 -1  1 -1  1  -1   1  -1   1  -1  -1  -1  -1  -1  -1   1   1  -1   1   1  -1   1  -1   1  -1   1   1   1   1  -1  -1   1
 1  1  1 -1 -1  1 -1 -1  1 -1   1   1   1   1   1  -1   1  -1  -1  -1   1  -1   1   1  -1   1  -1  -1   1   1   1  -1   1   1  -1  -1   1
 1  1 -1 -1  1  1 -1  1 -1 -1   1   1  -1   1  -1  -1  -1  -1  -1   1   1   1   1  -1  -1   1   1   1   1  -1   1  -1  -1   1   1   1   1
-1  1  1 -1  1 -1  1  1 -1 -1   1   1  -1  -1  -1  -1  -1   1  -1  -1   1   1   1   1   1   1  -1   1  -1   1   1   1   1   1   1   1  -1
-1 -1  1 -1 -1  1  1  1 -1 -1  -1   1   1  -1   1  -1  -1   1   1   1   1   1   1  -1  -1  -1   1  -1  -1  -1  -1   1  -1   1   1   1   1
 1  1 -1  1 -1 -1 -1  1 -1  1  -1  -1  -1   1   1  -1  -1  -1  -1  -1   1   1  -1   1  -1  -1  -1   1  -1  -1   1   1  -1  -1   1   1  -1
-1  1  1 -1 -1 -1  1 -1  1  1   1  -1  -1   1  -1  -1   1   1  -1   1   1   1   1   1  -1  -1   1   1  -1   1   1  -1  -1   1   1  -1   1
-1 -1  1  1  1 -1  1  1  1  1   1  -1   1  -1  -1  -1  -1   1   1   1  -1  -1   1  -1   1  -1   1   1  -1   1   1   1   1   1  -1  -1   1
 1  1  1 -1 -1  1 -1  1  1 -1   1   1   1   1  -1   1  -1   1   1  -1   1  -1   1   1  -1   1  -1   1  -1  -1  -1   1  -1  -1   1   1  -1
-1  1 -1 -1  1  1 -1  1  1  1  -1   1   1   1   1  -1   1   1  -1   1  -1  -1   1  -1  -1  -1   1   1   1  -1   1  -1   1  -1   1  -1  -1
 1  1  1  1  1  1  1 -1  1  1   1   1   1   1  -1  -1  -1  -1  -1   1   1   1   1   1   1   1   1  -1  -1  -1  -1  -1  -1  -1  -1  -1  -1
-1 -1  1 -1  1  1 -1 -1  1  1   1   1  -1  -1   1  -1   1  -1  -1  -1   1   1   1  -1  -1  -1   1  -1  -1  -1   1   1  -1  -1  -1   1   1
-1 -1 -1 -1  1 -1  1 -1  1 -1  -1   1   1   1  -1  -1  -1  -1  -1  -1   1   1  -1  -1  -1  -1   1   1  -1  -1  -1   1   1  -1   1   1  -1
 1  1  1 -1  1  1 -1 -1  1  1   1  -1   1  -1  -1   1   1   1   1  -1  -1   1  -1  -1  -1   1  -1  -1   1   1   1   1  -1   1  -1   1  -1
-1  1  1 -1 -1  1 -1 -1  1  1  -1   1  -1   1  -1  -1  -1   1  -1   1   1  -1  -1  -1   1   1   1   1  -1  -1  -1   1   1   1   1  -1   1
-1  1 -1 -1  1  1  1 -1  1  1   1  -1  -1  -1  -1   1  -1   1  -1   1  -1  -1   1  -1   1   1  -1  -1  -1   1   1  -1   1  -1   1  -1  -1
-1  1 -1 -1  1  1 -1 -1 -1  1  -1   1   1   1  -1   1  -1  -1   1  -1   1   1  -1   1   1   1  -1   1   1  -1   1  -1   1  -1   1  -1  -1
 1  1 -1  1  1  1 -1  1  1 -1  -1   1   1   1  -1   1   1  -1  -1   1   1  -1   1  -1   1   1  -1  -1   1  -1  -1   1  -1  -1   1  -1   1
-1  1  1 -1 -1 -1  1  1 -1  1   1  -1  -1   1   1   1  -1  -1   1  -1  -1  -1  -1  -1   1   1  -1   1  -1   1   1  -1  -1   1   1  -1   1
 1 -1  1  1 -1 -1 -1  1  1  1   1  -1   1  -1  -1   1   1  -1   1  -1   1   1   1  -1   1   1   1  -1   1  -1   1  -1   1  -1  -1  -1   1
 1  1  1 -1 -1  1  1 -1 -1 -1  -1  -1  -1  -1   1  -1   1   1   1   1  -1   1  -1  -1  -1   1  -1   1  -1  -1   1  -1   1   1  -1  -1   1
-1 -1  1 -1 -1 -1 -1  1  1 -1   1  -1   1  -1   1  -1   1   1   1  -1  -1   1   1  -1  -1  -1  -1   1   1  -1  -1   1  -1  -1  -1  -1  -1
 1 -1 -1  1 -1 -1 -1 -1 -1 -1   1   1  -1   1  -1  -1  -1   1  -1   1  -1   1  -1  -1   1   1  -1   1   1   1   1   1   1  -1   1  -1  -1
-1  1 -1  1  1  1 -1  1  1  1   1   1  -1   1   1   1  -1   1  -1  -1   1  -1  -1   1  -1   1   1   1  -1   1   1  -1  -1  -1  -1  -1   1
-1  1  1 -1 -1 -1  1 -1 -1  1   1  -1  -1   1  -1  -1   1   1  -1  -1  -1  -1  -1  -1   1   1  -1  -1   1  -1  -1   1   1  -1  -1   1  -1
-1  1 -1  1  1  1  1  1 -1  1  -1  -1   1  -1   1   1  -1  -1   1   1  -1   1   1  -1  -1   1   1  -1   1  -1   1  -1  -1  -1  -1  -1   1
-1 -1  1 -1  1 -1 -1  1 -1  1   1   1   1   1  -1   1   1  -1  -1   1  -1   1   1  -1   1   1   1  -1  -1   1   1   1  -1   1   1  -1  -1
-1  1  1 -1 -1  1  1 -1 -1  1   1  -1   1  -1  -1  -1  -1  -1   1  -1  -1   1   1   1   1   1   1  -1   1   1  -1   1   1   1   1  -1   1
 1  1 -1 -1 -1  1  1  1 -1  1  -1   1   1   1   1   1  -1  -1  -1   1  -1  -1  -1   1   1  -1  -1   1   1  -1  -1  -1  -1  -1  -1   1   1
-1  1  1 -1  1  1 -1 -1 -1 -1  -1  -1  -1  -1   1   1  -1  -1   1  -1   1  -1  -1  -1  -1  -1  -1  -1   1   1   1   1   1  -1  -1  -1   1
 1  1 -1  1  1 -1  1 -1 -1 -1   1  -1   1   1   1  -1   1   1   1  -1  -1  -1   1  -1   1   1   1  -1   1   1   1  -1   1  -1   1  -1   1
-1 -1 -1 -1  1  1  1 -1 -1 -1  -1   1  -1  -1  -1  -1   1   1   1   1  -1   1  -1  -1   1   1   1  -1   1  -1   1  -1  -1  -1   1   1  -1
-1  1  1 -1 -1 -1 -1  1 -1  1  -1   1   1  -1   1   1  -1   1  -1  -1  -1  -1  -1  -1  -1  -1   1   1  -1   1  -1   1   1  -1  -1   1  -1
-1  1  1  1 -1  1 -1 -1  1  1   1   1   1   1  -1   1   1   1  -1  -1  -1  -1   1   1   1  -1   1   1   1   1  -1   1  -1   1  -1  -1  -1
 1 -1 -1 -1 -1 -1  1 -1 -1 -1   1  -1  -1  -1  -1   1   1  -1   1  -1   1   1   1   1  -1   1   1   1  -1  -1  -1  -1   1   1   1   1  -1
-1  1  1  1  1  1 -1  1 -1 -1   1  -1   1  -1  -1   1  -1   1  -1   1  -1  -1   1   1  -1   1  -1   1   1   1  -1  -1   1   1  -1   1   1
 1 -1  1  1  1  1 -1 -1  1 -1   1   1  -1  -1  -1   1   1   1  -1  -1  -1   1   1  -1   1   1  -1   1  -1  -1  -1  -1   1  -1  -1   1  -1
-1 -1  1 -1  1  1 -1  1 -1  1   1   1  -1  -1  -1   1  -1   1   1   1  -1  -1  -1   1   1   1  -1  -1  -1  -1   1   1  -1  -1  -1   1   1
-1  1  1  1  1 -1 -1  1 -1 -1   1  -1  -1   1  -1   1   1  -1   1   1  -1   1  -1  -1  -1   1   1   1   1  -1  -1  -1   1  -1   1  -1  -1
-1 -1  1 -1  1  1 -1  1  1  1   1   1  -1  -1  -1   1  -1   1   1  -1   1   1   1  -1  -1  -1   1   1   1   1  -1  -1   1   1   1  -1  -1
-1 -1 -1  1  1  1 -1  1 -1 -1  -1  -1  -1   1   1  -1   1   1   1  -1   1   1   1   1  -1   1  -1   1   1  -1   1  -1   1  -1  -1   1   1
 1  1  1 -1  1 -1 -1 -1 -1  1   1  -1  -1   1  -1   1  -1  -1  -1   1   1   1  -1  -1   1  -1  -1   1  -1   1  -1  -1   1   1  -1   1  -1
 1  1  1  1  1  1  1  1  1  1   1   1   1   1   1   1   1   1   1   1   1   1   1   1   1   1   1   1   1   1   1   1   1   1   1   1   1
-1 -1  1 -1  1  1  1  1 -1  1  -1  -1   1   1  -1   1  -1  -1  -1   1  -1  -1  -1   1  -1  -1   1  -1  -1  -1  -1  -1   1   1   1  -1  -1
 1 -1 -1 -1 -1  1  1 -1  1 -1   1  -1   1   1  -1   1  -1   1  -1   1  -1   1   1   1   1  -1   1  -1   1  -1   1   1  -1   1   1   1  -1
 1 -1  1  1 -1 -1  1 -1  1  1  -1   1  -1   1   1  -1  -1  -1   1  -1   1   1   1  -1  -1  -1  -1   1  -1   1   1  -1   1  -1  -1  -1   1
-1 -1 -1 -1 -1  1 -1  1 -1  1   1   1   1  -1  -1  -1  -1  -1  -1   1   1  -1   1   1  -1  -1  -1   1  -1   1   1   1   1  -1   1  -1   1
 1  1 -1  1 -1  1 -1 -1  1  1  -1  -1   1  -1  -1   1  -1  -1  -1   1  -1   1  -1   1   1   1  -1   1  -1   1   1   1  -1   1  -1  -1   1
-1  1  1  1 -1 -1  1 -1 -1  1  -1  -1   1   1  -1   1  -1   1  -1   1   1  -1   1   1   1  -1  -1  -1  -1   1  -1   1  -1  -1   1   1   1
-1  1 -1  1 -1  1 -1  1  1 -1   1  -1  -1  -1  -1  -1  -1  -1   1  -1  -1   1   1  -1  -1   1   1   1  -1   1   1   1   1  -1  -1   1  -1
-1 -1  1 -1 -1 -1 -1 -1 -1 -1   1  -1   1  -1  -1   1  -1  -1  -1   1   1  -1  -1   1   1   1   1   1   1  -1  -1   1  -1  -1  -1  -1  -1
-1  1  1 -1  1  1 -1  1  1 -1  -1  -1  -1  -1  -1  -1   1   1  -1   1  -1   1   1   1   1   1   1  -1   1   1   1   1   1  -1  -1  -1   1
 1 -1 -1 -1 -1 -1  1  1  1 -1   1  -1  -1  -1   1  -1  -1   1  -1   1  -1  -1  -1  -1   1  -1  -1   1  -1  -1  -1  -1   1   1   1   1  -1
-1 -1  1  1  1 -1  1  1 -1  1   1  -1   1  -1  -1  -1  -1   1   1  -1   1   1  -1   1  -1   1  -1  -1   1  -1  -1  -1  -1  -1   1   1  -1
 1 -1 -1  1 -1  1  1  1 -1 -1  -1  -1  -1   1   1   1  -1  -1   1   1  -1  -1   1   1  -1  -1  -1  -1  -1   1   1   1   1   1  -1   1   1
 1 -1 -1  1 -1 -1  1 -1 -1 -1  -1  -1   1  -1  -1  -1  -1  -1   1   1  -1   1  -1  -1  -1  -1   1   1   1   1  -1  -1  -1   1  -1   1   1
-1 -1 -1 -1  1  1 -1  1 -1 -1   1  -1   1   1   1   1  -1   1   1   1  -1   1  -1  -1  -1  -1  -1   1  -1   1   1  -1  -1  -1   1   1  -1
 1 -1  1 -1  1 -1 -1 -1  1 -1  -1   1  -1   1  -1  -1   1  -1   1   1   1  -1   1  -1   1  -1   1   1   1  -1  -1  -1  -1   1  -1  -1  -1
 1 -1 -1 -1 -1 -1 -1 -1  1 -1  -1   1   1   1  -1   1   1   1  -1   1  -1  -1  -1  -1  -1   1   1  -1   1   1  -1  -1   1   1   1   1  -1
-1 -1 -1  1  1  1 -1 -1  1 -1  -1  -1  -1   1  -1   1  -1  -1  -1   1  -1  -1  -1  -1   1  -1   1   1   1  -1   1  -1   1  -1  -1   1   1
 1 -1 -1 -1  1 -1  1 -1 -1  1   1   1  -1   1   1  -1   1   1  -1  -1  -1  -1  -1  -1  -1   1   1   1  -1  -1  -1   1  -1   1   1  -1   1
-1  1 -1  1  1 -1 -1 -1 -1  1   1   1   1  -1  -1  -1  -1   1  -1   1  -1  -1  -1   1   1  -1   1   1  -1  -1   1  -1  -1   1   1   1  -1
-1  1  1  1  1 -1  1 -1 -1 -1  -1   1   1  -1   1  -1  -1  -1   1   1  -1   1  -1  -1   1  -1  -1  -1  -1   1  -1  -1   1  -1   1  -1  -1
-1 -1  1  1 -1  1  1 -1 -1 -1   1   1  -1  -1  -1  -1  -1  -1  -1  -1  -1   1  -1   1  -1   1   1   1  -1  -1   1  -1  -1  -1   1  -1   1
-1 -1  1 -1 -1  1 -1 -1 -1 -1   1  -1  -1   1  -1   1   1   1   1   1   1   1   1  -1   1   1  -1   1   1   1  -1   1  -1   1   1   1   1
 1 -1  1 -1  1 -1  1 -1 -1 -1   1  -1   1  -1  -1  -1   1   1  -1  -1  -1   1  -1   1   1  -1   1  -1  -1   1  -1  -1  -1   1  -1  -1  -1
-1 -1  1 -1 -1  1  1 -1  1 -1  -1   1   1  -1  -1   1   1  -1  -1  -1  -1  -1  -1   1   1   1  -1  -1  -1  -1  -1   1  -1   1   1   1   1
 1 -1 -1  1 -1  1 -1  1 -1 -1   1   1   1  -1   1   1  -1   1  -1   1  -1  -1   1   1   1   1   1  -1  -1   1  -1  -1  -1  -1   1  -1  -1
 1 -1 -1 -1  1  1 -1  1 -1  1  -1  -1  -1   1  -1   1   1  -1   1  -1  -1   1   1   1   1  -1   1  -1   1  -1  -1   1  -1  -1  -1   1  -1
 1  1 -1  1  1 -1 -1 -1  1 -1  -1   1  -1  -1   1  -1   1  -1  -1   1   1   1  -1   1   1   1   1   1  -1  -1   1  -1   1  -1   1  -1   1
-1  1  1 -1  1 -1 -1 -1 -1 -1  -1  -1   1   1   1   1   1   1  -1  -1   1   1   1   1  -1  -1   1  -1   1  -1   1   1   1   1   1   1  -1
 1 -1 -1  1  1  1 -1 -1 -1  1   1  -1   1   1   1   1   1   1  -1   1   1   1  -1  -1   1   1   1   1   1  -1   1  -1  -1   1  -1  -1  -1
 1  1  1 -1  1  1  1  1 -1  1  -1   1  -1   1   1  -1  -1   1   1   1   1  -1   1   1  -1   1  -1  -1   1   1  -1  -1   1  -1   1  -1   1
 1 -1 -1 -1  1 -1  1 -1  1  1   1   1  -1   1   1  -1   1   1  -1   1   1   1   1   1   1  -1  -1  -1   1   1   1  -1   1  -1  -1   1  -1
-1 -1 -1 -1  1 -1  1  1 -1 -1  -1   1   1   1   1   1   1   1   1   1  -1  -1   1   1   1   1  -1   1  -1  -1  -1   1   1  -1   1   1  -1
 1 -1  1 -1  1  1  1  1  1 -1   1  -1  -1   1   1   1   1   1  -1   1   1   1  -1   1  -1   1   1  -1  -1  -1  -1  -1  -1  -1   1   1   1
 1  1  1  1 -1 -1  1 -1 -1 -1   1  -1  -1   1   1   1   1  -1  -1  -1   1  -1  -1  -1  -1  -1   1   1   1  -1   1  -1  -1  -1  -1   1   1
 1  1  1 -1 -1 -1 -1  1  1 -1   1   1  -1  -1  -1   1   1  -1  -1  -1   1   1  -1  -1  -1   1   1   1  -1   1  -1   1  -1   1  -1  -1   1
-1 -1  1  1 -1  1 -1 -1 -1 -1  -1  -1   1   1  -1  -1  -1   1   1  -1  -1   1  -1   1   1  -1  -1   1  -1  -1  -1   1   1   1  -1   1  -1
-1  1 -1 -1 -1 -1 -1 -1 -1 -1  -1  -1  -1   1   1  -1   1  -1   1  -1  -1   1  -1   1   1   1   1   1   1   1   1   1  -1   1  -1  -1  -1
-1 -1  1  1  1 -1 -1 -1  1  1  -1   1  -1   1   1   1   1   1   1   1  -1  -1   1  -1  -1   1  -1  -1   1  -1   1   1   1   1  -1  -1   1
 1  1 -1 -1  1  1  1 -1 -1 -1  -1  -1   1  -1   1   1   1  -1  -1   1   1   1   1  -1   1  -1  -1  -1  -1   1   1  -1  -1   1   1   1   1
-1 -1  1 -1  1  1 -1 -1 -1  1   1   1  -1  -1   1  -1   1  -1  -1   1  -1  -1  -1   1   1   1  -1   1   1   1  -1  -1   1   1   1  -1  -1
 1 -1 -1 -1  1 -1 -1 -1 -1  1  -1  -1   1  -1   1  -1   1  -1   1  -1  -1  -1  -1  -1   1  -1  -1   1  -1  -1   1  -1   1  -1  -1   1  -1
 1 -1  1 -1  1 -1  1  1 -1 -1   1  -1   1  -1   1   1  -1  -1   1  -1  -1   1  -1   1   1  -1   1   1   1  -1   1   1   1  -1   1   1   1
 1  1  1  1  1  1 -1  1  1  1  -1  -1  -1  -1   1   1   1  -1  -1   1   1   1   1   1  -1  -1  -1   1   1   1  -1  -1  -1  -1  -1  -1  -1
 1 -1 -1 -1 -1 -1  1  1 -1 -1   1  -1  -1  -1   1  -1  -1   1  -1  -1   1   1   1   1  -1   1   1  -1   1   1   1   1  -1  -1  -1  -1   1
 1  1  1  1  1  1  1  1 -1  1   1   1   1   1   1   1   1   1   1  -1  -1  -1  -1  -1  -1  -1  -1  -1  -1  -1  -1  -1  -1  -1  -1  -1  -1
-1  1  1  1  1  1 -1 -1  1 -1   1  -1   1  -1   1  -1   1  -1   1  -1   1   1  -1  -1   1  -1   1   1   1   1  -1  -1   1   1  -1   1   1
-1  1  1 -1  1  1  1  1  1 -1   1   1   1   1  -1  -1   1  -1   1   1  -1   1   1   1  -1  -1  -1  -1   1   1  -1  -1  -1   1   1   1  -1
-1  1 -1  1  1 -1  1  1  1  1  -1  -1  -1   1   1   1   1   1  -1  -1   1   1   1  -1   1  -1   1   1  -1  -1  -1   1   1  -1  -1  -1   1
-1 -1 -1  1  1 -1 -1 -1  1 -1  -1  -1   1  -1  -1   1   1   1   1   1  -1   1   1   1   1  -1  -1   1   1   1   1  -1   1   1   1  -1  -1
 1 -1  1 -1  1 -1 -1 -1 -1 -1  -1   1  -1   1  -1  -1   1  -1   1  -1  -1   1  -1   1  -1   1  -1  -1  -1   1   1   1   1  -1   1   1   1
 1 -1  1  1 -1  1 -1  1  1  1   1  -1  -1   1  -1   1  -1   1  -1  -1   1  -1  -1   1   1   1  -1  -1   1   1   1  -1   1   1   1   1  -1
 1 -1 -1 -1 -1  1 -1  1  1 -1  -1   1  -1  -1   1  -1   1   1  -1   1  -1   1   1   1  -1   1  -1   1  -1   1   1   1  -1   1   1   1  -1
 1  1 -1 -1 -1 -1 -1  1 -1  1   1  -1   1   1   1   1   1  -1  -1   1  -1   1   1  -1  -1   1  -1   1   1   1   1   1   1  -1  -1   1   1
 1  1  1 -1 -1 -1 -1  1 -1 -1   1   1  -1  -1  -1   1   1  -1  -1   1  -1  -1   1   1   1  -1  -1  -1   1  -1   1  -1   1  -1   1   1  -1
 1 -1  1  1 -1 -1 -1 -1  1  1   1  -1   1  -1   1  -1  -1   1  -1  -1   1   1   1  -1   1   1   1   1  -1   1  -1   1  -1   1   1   1  -1
-1 -1 -1 -1 -1 -1  1  1 -1  1  -1  -1   1  -1  -1  -1   1  -1  -1   1   1   1  -1  -1   1   1  -1   1  -1  -1  -1  -1  -1  -1   1  -1   1
-1 -1 -1  1  1 -1  1  1  1 -1   1   1  -1   1   1  -1  -1   1   1   1  -1   1   1   1  -1   1   1  -1  -1  -1   1  -1   1   1   1  -1  -1
 1 -1  1  1 -1  1 -1  1 -1  1   1  -1  -1   1  -1   1  -1   1  -1   1  -1   1   1  -1  -1  -1   1   1  -1  -1  -1   1  -1  -1  -1  -1   1
-1  1 -1 -1  1  1 -1 -1  1  1  -1   1   1   1  -1   1  -1  -1   1   1  -1  -1   1  -1  -1  -1   1  -1  -1   1  -1   1  -1   1  -1   1   1
-1 -1 -1 -1 -1 -1 -1  1  1  1   1   1  -1   1  -1  -1   1   1   1  -1  -1  -1   1   1   1   1  -1  -1   1   1  -1  -1  -1  -1   1  -1   1
 1  1 -1  1 -1 -1 -1 -1  1  1  -1  -1  -1   1  -1   1   1   1   1   1  -1  -1   1  -1   1   1   1   1  -1  -1   1   1  -1  -1   1   1  -1
 1  1 -1 -1 -1 -1  1  1  1  1  -1   1  -1  -1   1   1   1   1   1  -1   1  -1  -1   1  -1   1  -1  -1  -1  -1   1   1   1  -1  -1   1   1
-1  1 -1  1  1 -1 -1  1  1  1   1   1   1  -1   1   1   1  -1   1  -1   1   1   1  -1  -1   1  -1   1  -1  -1   1  -1  -1   1   1   1  -1
-1 -1 -1  1 -1 -1 -1  1  1  1  -1   1   1   1  -1   1  -1   1   1   1   1  -1  -1  -1   1  -1  -1  -1  -1  -1  -1  -1   1  -1  -1  -1  -1
 1  1  1 -1  1  1  1 -1  1  1  -1   1  -1   1  -1   1   1  -1  -1  -1  -1   1  -1  -1   1  -1   1  -1   1   1  -1  -1   1  -1   1  -1   1
 1  1 -1 -1 -1 -1 -1  1  1  1   1  -1   1   1   1   1   1  -1  -1  -1   1  -1  -1   1   1  -1   1  -1  -1  -1  -1  -1  -1   1   1  -1  -1
-1  1 -1 -1 -1  1  1 -1 -1 -1   1   1  -1   1   1  -1  -1  -1   1  -1  -1  -1   1  -1  -1  -1   1   1   1  -1  -1  -1   1   1  -1  -1  -1
 1 -1 -1  1 -1 -1  1 -1  1 -1  -1  -1   1  -1  -1  -1  -1  -1   1  -1   1  -1   1   1   1   1  -1  -1  -1  -1   1   1   1  -1   1  -1  -1
 1  1  1  1  1  1 -1  1 -1  1  -1  -1  -1  -1   1   1   1  -1  -1  -1  -1  -1  -1  -1   1   1   1  -1  -1  -1   1   1   1   1   1   1   1
 1  1 -1 -1 -1  1 -1  1 -1  1   1  -1  -1  -1   1   1  -1   1   1   1  -1  -1  -1   1  -1   1   1   1   1  -1   1   1   1   1   1  -1  -1
 1  1  1 -1 -1 -1  1  1  1 -1  -1  -1   1   1  -1   1   1   1   1  -1   1   1  -1  -1   1  -1  -1   1  -1   1   1  -1   1  -1   1   1  -1
-1 -1 -1  1 -1 -1  1  1 -1  1   1  -1  -1  -1  -1   1  -1  -1  -1  -1  -1   1   1   1   1  -1  -1   1   1   1  -1  -1   1  -1  -1  -1  -1
 1  1  1 -1  1 -1 -1  1  1  1   1  -1  -1   1   1  -1   1   1   1  -1  -1  -1   1   1  -1   1   1   1  -1   1  -1  -1   1   1  -1   1  -1
-1  1 -1  1  1 -1  1  1 -1  1  -1  -1  -1   1   1   1   1   1  -1   1  -1  -1  -1   1  -1   1  -1  -1   1   1   1  -1  -1   1   1   1  -1
-1 -1  1 -1  1 -1  1  1 -1  1  -1  -1  -1  -1  -1   1   1   1   1   1  -1   1   1  -1  -1  -1  -1  -1  -1   1  -1  -1   1  -1  -1   1   1
-1  1 -1  1 -1  1 -1 -1 -1 -1   1  -1  -1  -1   1   1   1   1  -1   1   1  -1  -1   1   1  -1  -1   1  -1   1   1   1   1  -1  -1   1  -1
 1  1 -1 -1  1  1 -1 -1  1 -1   1   1  -1   1   1   1   1   1   1  -1  -1  -1  -1   1   1  -1  -1   1   1  -1   1  -1  -1   1   1   1   1
-1 -1  1 -1  1  1  1  1  1  1  -1  -1   1   1  -1   1  -1  -1  -1  -1   1   1   1  -1   1   1  -1   1   1   1   1   1  -1  -1  -1   1   1
 1 -1 -1 -1 -1 -1 -1 -1 -1 -1  -1   1   1   1  -1   1   1   1  -1  -1   1   1   1   1   1  -1  -1   1  -1  -1   1   1  -1  -1  -1  -1   1
-1 -1  1 -1  1 -1 -1 -1 -1  1   1   1   1   1   1  -1  -1   1   1   1  -1   1   1  -1   1   1   1   1   1  -1  -1  -1   1  -1  -1   1   1
 1  1  1 -1  1  1 -1  1 -1  1   1  -1   1  -1   1  -1  -1  -1  -1   1   1  -1   1   1   1  -1   1  -1   1   1   1   1  -1   1  -1   1  -1
-1  1 -1 -1 -1 -1  1  1 -1 -1   1   1   1  -1  -1   1  -1  -1   1  -1  -1   1  -1   1  -1  -1  -1  -1  -1  -1   1   1  -1   1  -1  -1  -1
 1  1 -1 -1 -1  1  1 -1 -1  1  -1   1   1   1  -1  -1   1   1   1   1  -1  -1  -1   1   1  -1  -1  -1  -1   1   1   1   1   1   1  -1  -1
-1  1  1  1 -1 -1 -1 -1  1  1   1   1  -1  -1  -1   1  -1  -1   1  -1  -1   1  -1  -1   1  -1  -1   1   1  -1  -1   1  -1  -1   1   1   1
-1 -1  1  1  1  1 -1 -1  1  1  -1   1   1  -1   1   1  -1  -1  -1   1  -1   1  -1   1  -1   1   1  -1   1   1   1   1   1  -1   1   1  -1
 1  1  1  1  1  1 -1 -1  1  1  -1  -1  -1  -1  -1  -1  -1   1   1   1   1   1   1   1  -1  -1  -1  -1  -1  -1   1   1   1   1   1   1   1
-1 -1 -1 -1  1  1 -1 -1  1 -1   1  -1   1   1  -1  -1   1  -1  -1  -1   1  -1   1   1   1   1   1   1  -1   1   1  -1  -1  -1   1   1  -1
-1 -1 -1  1 -1 -1 -1 -1 -1  1  -1   1   1   1   1  -1   1  -1  -1  -1  -1   1   1   1  -1   1   1  -1  -1  -1  -1  -1   1  -1  -1  -1  -1
-1 -1  1  1  1  1  1 -1 -1  1   1  -1  -1   1   1   1  -1   1   1  -1   1  -1   1  -1  -1   1   1   1  -1  -1   1   1   1  -1   1   1  -1
-1 -1  1  1  1 -1 -1  1  1  1  -1   1  -1   1  -1  -1  -1  -1  -1   1  -1  -1   1  -1  -1   1  -1   1  -1   1  -1  -1  -1  -1   1   1  -1
-1  1  1  1 -1 -1 -1  1  1  1   1   1  -1  -1   1  -1   1   1  -1  -1  -1   1  -1  -1   1  -1  -1  -1  -1   1   1  -1   1   1  -1  -1  -1
-1  1 -1  1  1  1  1 -1  1  1  -1  -1   1  -1  -1  -1   1   1  -1  -1   1  -1  -1   1   1  -1  -1  -1   1  -1   1  -1  -1  -1  -1  -1   1
 1 -1 -1  1  1  1  1 -1 -1  1  -1   1  -1  -1   1   1   1  -1   1   1   1   1  -1  -1  -1  -1  -1   1   1  -1  -1   1   1  -1   1   1   1
 1 -1  1 -1 -1 -1 -1  1  1  1  -1  -1  -1  -1  -1  -1  -1  -1   1   1  -1   1  -1   1   1  -1   1  -1  -1   1   1  -1  -1  -1   1  -1  -1
 1 -1 -1 -1  1 -1  1  1  1  1   1   1  -1   1  -1   1  -1  -1   1   1   1   1   1   1   1  -1  -1   1  -1  -1  -1   1  -1   1   1  -1   1
-1  1  1  1  1  1  1 -1 -1 -1  -1   1  -1   1   1  -1   1   1  -1   1  -1  -1   1   1   1  -1   1  -1  -1  -1  -1  -1   1   1  -1   1   1
 1  1  1 -1 -1 -1 -1 -1 -1 -1   1   1  -1  -1   1  -1  -1   1   1   1  -1  -1   1   1   1  -1  -1   1  -1   1  -1   1  -1   1  -1  -1   1
 1 -1  1  1  1 -1  1  1 -1 -1  -1  -1  -1  -1   1  -1   1  -1   1   1   1   1   1  -1   1   1   1   1  -1   1   1   1  -1  -1  -1   1  -1
 1  1  1 -1 -1 -1  1 -1 -1 -1  -1  -1   1   1   1  -1  -1  -1  -1   1  -1  -1   1   1  -1   1   1   1  -1   1   1  -1   1  -1   1   1  -1
 1 -1  1  1  1 -1  1  1  1 -1  -1  -1  -1  -1   1  -1   1  -1   1  -1  -1  -1  -1   1  -1  -1  -1  -1   1  -1  -1  -1   1   1   1  -1   1
-1  1  1  1  1 -1  1  1  1 -1  -1   1   1  -1  -1   1   1   1  -1  -1   1  -1   1   1  -1   1   1  -1  -1   1  -1  -1   1  -1   1  -1  -1
-1  1  1  1  1 -1 -1 -1  1 -1   1  -1  -1   1   1  -1  -1   1  -1  -1   1  -1   1   1   1  -1  -1   1   1  -1  -1  -1   1  -1   1  -1  -1
 1  1  1 -1 -1 -1  1 -1  1 -1  -1  -1   1   1   1  -1  -1  -1  -1  -1   1   1  -1  -1   1  -1  -1  -1   1  -1  -1   1  -1   1  -1  -1   1
-1  1  1  1  1 -1  1 -1  1 -1  -1   1   1  -1   1  -1  -1  -1   1  -1   1  -1   1   1  -1   1   1   1   1  -1   1   1  -1   1  -1   1   1
 1  1 -1  1 -1 -1  1  1 -1  1   1   1   1  -1   1  -1  -1   1   1  -1   1   1  -1   1   1   1   1   1  -1  -1  -1  -1   1   1  -1  -1   1
-1 -1  1  1  1  1 -1 -1 -1  1  -1   1   1  -1   1   1  -1  -1  -1  -1   1  -1   1  -1   1  -1  -1   1  -1  -1  -1  -1  -1   1  -1  -1   1
 1  1  1 -1  1  1  1 -1 -1  1  -1   1  -1   1  -1   1   1  -1  -1   1   1  -1   1   1  -1   1  -1   1  -1  -1   1   1  -1   1  -1   1  -1
 1  1  1  1 -1  1  1 -1 -1 -1   1  -1   1  -1   1   1  -1   1   1  -1   1   1   1   1  -1  -1  -1   1   1   1   1  -1  -1   1   1  -1  -1
 1  1 -1 -1  1 -1  1 -1  1 -1  -1  -1  -1   1   1   1  -1   1   1  -1  -1   1   1  -1  -1   1  -1   1   1   1  -1   1   1   1   1   1   1
-1 -1 -1 -1  1  1 -1 -1 -1 -1   1  -1   1   1  -1  -1   1  -1  -1   1  -1   1  -1  -1  -1  -1  -1  -1   1  -1  -1   1   1   1  -1  -1   1
-1 -1 -1 -1 -1 -1  1  1  1  1  -1  -1   1  -1  -1  -1   1  -1  -1  -1  -1  -1   1   1  -1  -1   1  -1   1   1   1   1   1   1  -1   1  -1
-1  1  1 -1  1 -1  1 -1  1 -1   1   1  -1  -1   1   1   1  -1   1   1  -1  -1  -1  -1  -1  -1   1   1  -1   1   1   1   1   1   1   1  -1
-1 -1  1  1 -1  1 -1  1  1 -1  -1  -1   1   1   1   1   1  -1  -1   1   1  -1   1  -1  -1   1   1   1  -1  -1  -1   1   1   1  -1   1  -1
-1  1  1  1 -1  1 -1  1  1  1   1   1   1   1   1  -1  -1  -1   1  -1  -1  -1   1   1   1  -1   1  -1  -1  -1   1  -1   1  -1   1   1   1
-1 -1  1  1 -1  1 -1 -1  1 -1  -1  -1   1   1  -1  -1  -1   1   1   1   1  -1   1  -1  -1   1   1  -1   1   1   1  -1  -1  -1   1  -1   1
-1 -1 -1 -1 -1 -1 -1 -1 -1  1   1   1  -1   1   1   1  -1  -1  -1   1   1   1  -1  -1  -1  -1   1  -1   1   1  -1  -1  -1  -1   1  -1   1
 1 -1  1 -1  1 -1 -1  1 -1 -1  -1   1  -1   1   1   1  -1   1  -1  -1  -1   1  -1   1  -1   1  -1   1   1  -1  -1  -1  -1   1  -1  -1  -1
 1  1  1 -1 -1  1 -1 -1 -1 -1   1   1   1   1   1  -1   1  -1  -1   1  -1   1  -1  -1   1  -1   1   1  -1  -1  -1   1  -1  -1   1   1  -1
 1 -1  1  1 -1 -1  1  1 -1  1  -1   1  -1   1  -1   1   1   1  -1   1  -1  -1  -1   1   1   1   1   1  -1   1   1  -1   1  -1  -1  -1   1
 1  1  1  1 -1  1 -1  1 -1 -1  -1   1  -1   1  -1  -1   1   1   1  -1   1   1   1   1   1   1   1  -1  -1  -1   1  -1  -1   1   1  -1  -1
 1 -1  1 -1 -1  1  1 -1 -1  1   1   1  -1  -1   1   1  -1   1  -1  -1   1   1  -1   1   1  -1  -1  -1  -1  -1  -1   1   1  -1   1  -1  -1
 1  1 -1  1  1 -1 -1  1  1 -1  -1   1  -1  -1  -1   1  -1   1   1   1   1   1  -1   1   1   1   1  -1   1   1  -1   1  -1   1  -1   1  -1
 1 -1  1 -1  1  1  1  1 -1 -1   1  -1  -1   1   1   1   1   1  -1  -1  -1  -1   1  -1   1  -1  -1   1   1   1   1   1   1   1  -1  -1  -1
 1 -1  1 -1 -1 -1 -1  1 -1  1  -1  -1  -1  -1  -1  -1  -1  -1   1  -1   1  -1   1  -1  -1   1  -1   1   1  -1  -1   1   1   1  -1   1   1
-1  1  1  1 -1 -1  1 -1  1  1  -1  -1   1   1  -1   1  -1   1  -1  -1  -1   1  -1  -1  -1   1   1   1   1  -1   1  -1   1   1  -1  -1  -1
 1 -1 -1 -1 -1  1  1  1  1 -1   1  -1   1   1   1  -1   1  -1   1   1  -1   1   1   1   1  -1   1   1  -1   1  -1  -1   1  -1  -1  -1   1
-1 -1 -1  1 -1 -1  1 -1  1  1   1  -1  -1  -1   1  -1   1   1   1   1   1  -1  -1  -1  -1   1   1   1   1   1  -1  -1   1  -1  -1  -1  -1
-1 -1 -1  1 -1  1 -1  1  1  1  -1   1  -1  -1  -1   1   1  -1  -1   1   1   1   1   1   1  -1   1  -1  -1   1  -1  -1   1   1   1   1   1
 1  1 -1 -1  1  1  1  1 -1 -1  -1  -1   1  -1  -1  -1  -1   1   1   1   1   1   1  -1   1  -1  -1   1   1  -1  -1   1   1  -1  -1  -1  -1
 1  1  1  1  1 -1  1 -1 -1  1   1   1  -1  -1  -1  -1   1   1   1  -1  -1   1   1   1  -1  -1   1   1   1  -1   1   1   1  -1  -1  -1  -1
 1  1  1  1  1 -1  1  1 -1  1   1   1  -1  -1   1   1  -1  -1  -1  -1  -1   1   1   1  -1  -1   1  -1  -1   1  -1  -1  -1   1   1   1   1
-1 -1 -1 -1  1  1  1  1 -1 -1  -1   1  -1  -1   1   1  -1  -1  -1   1  -1   1  -1  -1   1   1   1   1  -1   1  -1   1   1   1  -1  -1   1
 1  1 -1 -1  1  1  1  1  1 -1  -1  -1   1  -1  -1  -1  -1   1   1  -1  -1  -1  -1   1  -1   1   1  -1  -1   1   1  -1  -1   1   1   1   1
 1 -1  1  1 -1 -1 -1 -1 -1  1   1  -1   1  -1   1  -1  -1   1  -1   1  -1  -1  -1   1  -1  -1  -1  -1   1  -1   1  -1   1  -1  -1  -1   1
 1 -1 -1  1 -1  1 -1  1  1 -1   1   1   1  -1   1   1  -1   1  -1  -1   1   1  -1  -1  -1  -1  -1   1   1  -1   1   1   1   1  -1   1   1
 1  1 -1  1 -1  1 -1  1 -1  1  -1  -1   1  -1   1  -1   1   1   1  -1   1  -1   1  -1  -1  -1   1   1  -1   1   1   1  -1   1  -1  -1   1
-1  1 -1 -1 -1  1 -1 -1  1 -1  -1  -1   1  -1   1  -1  -1   1  -1   1   1   1  -1   1  -1  -1   1  -1  -1   1  -1  -1   1   1  -1  -1  -1
-1  1 -1 -1 -1 -1  1  1  1 -1   1   1   1  -1  -1   1  -1  -1   1   1   1  -1   1  -1   1   1   1   1   1   1  -1  -1   1  -1   1   1   1
 1 -1  1 -1  1  1 -1  1 -1 -1  -1   1   1  -1   1   1   1  -1   1  -1  -1  -1   1  -1  -1   1   1   1   1   1  -1  -1  -1  -1   1   1   1
-1  1  1 -1 -1  1  1 -1  1  1   1  -1   1  -1  -1  -1  -1  -1   1   1   1  -1  -1  -1  -1  -1  -1   1  -1  -1   1  -1  -1  -1  -1   1  -1
-1 -1  1  1  1  1  1  1  1  1   1  -1  -1   1  -1  -1   1  -1  -1   1  -1   1  -1   1   1  -1  -1   1  -1  -1   1   1   1  -1   1   1  -1
 1  1 -1  1  1  1  1  1 -1 -1   1  -1  -1  -1  -1   1   1   1   1  -1  -1   1  -1   1   1   1  -1   1  -1   1  -1   1  -1  -1   1  -1   1
-1 -1  1  1  1  1 -1  1 -1  1  -1   1   1  -1  -1  -1   1   1   1  -1   1  -1   1  -1   1  -1  -1  -1   1   1   1   1   1  -1   1   1  -1
-1 -1  1 -1  1 -1  1 -1  1  1  -1  -1  -1  -1   1  -1  -1  -1  -1  -1   1  -1  -1   1   1   1   1  -1  -1   1  -1  -1   1  -1  -1   1   1
-1  1  1  1 -1  1  1 -1 -1  1  -1  -1  -1  -1  -1   1   1  -1   1   1   1   1  -1  -1   1  -1   1  -1  -1  -1  -1   1  -1   1  -1  -1  -1
 1 -1 -1  1  1 -1  1  1  1  1  -1   1   1   1  -1  -1   1  -1   1  -1  -1   1  -1  -1   1   1  -1   1   1   1  -1   1   1   1  -1  -1  -1
 1  1 -1  1 -1  1  1  1  1  1   1   1  -1   1   1  -1   1  -1  -1   1  -1   1  -1   1  -1  -1   1  -1   1  -1   1   1  -1   1  -1  -1   1
 1 -1 -1 -1 -1  1 -1 -1  1 -1  -1   1  -1  -1  -1   1  -1  -1   1   1  -1   1   1   1  -1   1  -1  -1   1  -1  -1  -1   1  -1  -1  -1   1
 1  1  1  1 -1 -1 -1 -1  1 -1  -1   1   1  -1   1   1   1   1   1   1  -1   1   1   1  -1  -1   1  -1  -1   1   1  -1  -1  -1  -1   1   1
-1 -1 -1  1 -1  1 -1 -1  1  1  -1   1  -1  -1   1  -1  -1   1   1   1   1   1   1   1   1  -1   1   1   1  -1   1   1  -1  -1  -1  -1  -1
-1  1 -1  1  1 -1  1 -1 -1  1  -1  -1  -1   1  -1  -1  -1  -1   1   1  -1  -1  -1   1  -1   1  -1   1  -1  -1  -1   1   1  -1  -1  -1   1
 1 -1  1 -1 -1 -1  1  1 -1  1   1   1   1   1  -1  -1  -1   1  -1  -1   1  -1   1  -1   1  -1   1   1   1  -1   1  -1  -1  -1   1  -1  -1
 1 -1 -1  1  1  1 -1 -1  1  1   1  -1   1   1   1   1   1   1  -1  -1  -1  -1   1   1  -1  -1  -1  -1  -1   1  -1   1   1  -1   1   1   1
-1  1 -1  1  1  1 -1  1 -1  1   1   1  -1   1   1   1  -1   1  -1   1  -1   1   1  -1   1  -1  -1  -1   1  -1  -1   1   1   1   1   1  -1
-1 -1 -1  1  1  1  1 -1  1 -1   1   1   1  -1  -1   1  -1   1   1   1  -1  -1  -1  -1  -1   1  -1   1   1  -1  -1   1  -1   1   1  -1  -1
-1 -1 -1  1  1 -1 -1 -1 -1 -1  -1  -1   1  -1  -1   1   1   1   1  -1   1  -1  -1  -1  -1   1   1  -1  -1  -1  -1   1  -1  -1  -1   1   1
-1 -1 -1 -1 -1  1  1  1 -1  1  -1  -1  -1   1  -1  -1  -1   1   1   1   1  -1   1   1   1   1   1   1  -1   1  -1  -1  -1   1  -1   1  -1
 1 -1 -1  1  1  1 -1  1  1  1   1  -1   1   1  -1  -1  -1  -1   1  -1  -1  -1   1   1  -1  -1  -1   1   1  -1   1  -1  -1   1  -1  -1  -1
 1  1 -1 -1 -1 -1  1 -1  1  1  -1   1  -1  -1  -1  -1  -1  -1  -1  -1   1  -1  -1   1  -1   1  -1   1   1   1  -1  -1  -1   1   1  -1  -1
-1  1  1  1  1 -1 -1 -1 -1 -1   1  -1  -1   1   1  -1  -1   1  -1   1  -1   1  -1  -1  -1   1   1  -1  -1   1   1   1  -1   1  -1   1   1
 1 -1 -1 -1 -1  1 -1  1 -1 -1  -1   1  -1  -1   1  -1   1   1  -1  -1   1  -1  -1  -1   1  -1   1  -1   1  -1  -1  -1   1  -1  -1  -1   1
 1 -1 -1  1 -1 -1 -1  1  1 -1   1   1  -1   1   1   1   1  -1   1  -1   1  -1   1   1  -1  -1   1   1   1   1   1   1   1  -1   1  -1  -1
-1 -1  1  1  1 -1 -1 -1 -1  1  -1   1  -1   1   1   1   1   1   1  -1   1   1  -1   1   1  -1   1   1  -1   1  -1  -1  -1  -1   1   1  -1
 1 -1  1  1  1  1 -1 -1 -1 -1   1   1  -1  -1  -1   1   1   1  -1   1   1  -1  -1   1  -1  -1   1  -1   1   1   1   1  -1   1   1  -1   1
 1 -1  1 -1 -1 -1 -1 -1  1  1  -1  -1  -1  -1   1   1   1   1  -1   1  -1   1  -1   1   1  -1   1   1   1  -1  -1   1   1   1  -1   1   1
 1  1  1  1 -1 -1  1  1 -1 -1   1  -1  -1   1  -1  -1  -1   1   1  -1   1  -1  -1  -1  -1  -1   1  -1  -1   1  -1   1   1   1   1  -1  -1
-1 -1 -1 -1  1 -1 -1 -1 -1 -1   1  -1  -1  -1  -1  -1  -1   1   1   1  -1  -1   1   1  -1  -1   1  -1   1   1  -1   1   1  -1   1   1  -1
 1  1 -1  1 -1  1 -1 -1 -1  1  -1  -1   1  -1  -1   1  -1  -1  -1  -1   1  -1   1  -1  -1  -1   1  -1   1  -1  -1  -1   1  -1   1   1  -1
-1  1  1  1 -1 -1 -1 -1 -1  1   1   1  -1  -1  -1   1  -1  -1   1   1   1  -1   1   1  -1   1   1  -1  -1   1   1  -1   1   1  -1  -1  -1
-1 -1 -1  1 -1  1  1 -1  1  1   1  -1   1   1   1  -1  -1  -1  -1   1   1   1   1   1  -1   1  -1   1   1  -1  -1  -1   1   1   1   1   1
-1  1  1  1 -1  1  1 -1  1  1  -1  -1  -1  -1  -1   1   1  -1   1  -1  -1  -1   1   1  -1   1  -1   1   1   1   1  -1   1  -1   1   1   1
 1 -1 -1 -1 -1 -1 -1  1  1 -1  -1   1   1   1   1  -1  -1  -1   1   1  -1  -1  -1  -1  -1   1   1   1  -1  -1   1   1  -1  -1  -1  -1   1
 1  1  1  1 -1  1  1  1  1 -1   1  -1   1  -1  -1  -1   1  -1  -1   1  -1  -1  -1  -1   1   1   1   1   1   1   1  -1  -1   1   1  -1  -1
 1 -1  1  1  1 -1 -1 -1  1 -1   1   1   1   1  -1   1  -1  -1   1  -1  -1  -1  -1   1   1   1   1   1  -1   1  -1  -1   1   1   1  -1   1
-1  1 -1 -1 -1 -1  1 -1 -1 -1   1   1   1  -1   1  -1   1   1  -1  -1  -1   1  -1   1  -1  -1  -1   1   1   1  -1  -1   1  -1   1   1   1
 1 -1 -1 -1  1 -1 -1  1  1  1  -1  -1   1  -1  -1   1  -1   1  -1   1   1   1   1   1  -1   1   1   1  -1  -1   1  -1   1  -1  -1   1  -1
-1 -1 -1  1  1 -1  1 -1 -1 -1   1   1  -1   1  -1   1   1  -1  -1  -1   1  -1  -1  -1   1  -1  -1  -1  -1  -1   1  -1   1   1   1  -1  -1
 1  1 -1  1  1 -1  1  1 -1 -1   1  -1   1   1  -1   1  -1  -1  -1  -1  -1  -1   1  -1   1   1   1   1  -1  -1  -1   1  -1   1  -1   1  -1
-1 -1 -1 -1 -1 -1 -1  1 -1  1   1   1  -1   1  -1  -1   1   1   1   1   1   1  -1  -1  -1  -1   1   1  -1  -1   1   1   1   1  -1   1  -1
 1 -1 -1 -1  1 -1  1  1 -1  1   1   1  -1   1  -1   1  -1  -1   1  -1  -1  -1  -1  -1  -1   1   1  -1   1   1   1  -1   1  -1  -1   1  -1
-1  1 -1  1 -1  1 -1  1 -1 -1   1  -1  -1  -1  -1  -1  -1  -1   1   1   1  -1  -1   1   1  -1  -1  -1   1  -1  -1  -1  -1   1   1  -1   1
-1  1 -1  1  1 -1 -1  1 -1  1   1   1   1  -1   1   1   1  -1   1   1  -1  -1  -1   1   1  -1   1  -1   1   1  -1   1   1  -1  -1  -1   1
-1  1  1  1  1  1  1  1 -1 -1  -1   1  -1   1  -1   1  -1  -1   1   1  -1  -1   1   1   1  -1   1   1   1   1   1   1  -1  -1   1  -1  -1
-1 -1  1  1 -1 -1 -1  1 -1 -1  -1  -1  -1  -1   1   1  -1   1   1  -1  -1  -1   1  -1   1  -1   1  -1   1  -1   1  -1  -1   1  -1   1  -1
 1  1  1  1  1 -1 -1  1  1  1  -1  -1   1   1   1   1  -1   1   1   1   1  -1  -1  -1  -1  -1   1   1   1  -1  -1  -1  -1   1   1   1   1
-1 -1  1 -1 -1 -1  1 -1 -1 -1  -1   1  -1   1  -1   1  -1   1   1   1   1  -1  -1   1  -1  -1  -1   1   1  -1   1  -1   1   1   1   1   1
 1 -1  1  1 -1  1  1 -1 -1  1  -1   1   1  -1   1  -1   1   1  -1   1  -1   1   1  -1   1   1  -1  -1   1   1  -1   1  -1  -1  -1  -1   1
 1 -1  1 -1 -1  1  1  1 -1  1   1   1  -1  -1  -1  -1   1  -1   1  -1   1   1  -1   1   1  -1  -1   1   1   1   1  -1  -1   1  -1   1   1
-1 -1 -1 -1 -1 -1  1 -1  1  1  -1  -1   1  -1   1   1  -1   1   1  -1  -1  -1   1   1  -1  -1   1   1  -1  -1  -1  -1  -1  -1   1  -1   1
 1  1 -1  1 -1  1  1 -1 -1  1   1   1  -1   1  -1   1  -1   1   1  -1   1  -1   1  -1   1   1  -1  -1   1  -1   1   1  -1   1  -1  -1   1
-1  1 -1 -1  1 -1 -1 -1 -1  1  -1   1  -1  -1  -1   1   1   1  -1  -1   1  -1   1  -1   1   1   1   1   1   1   1  -1   1   1  -1   1   1
 1 -1 -1 -1  1  1  1  1  1  1   1   1   1  -1  -1   1   1   1  -1   1   1  -1  -1  -1   1  -1   1   1  -1   1  -1   1  -1  -1  -1   1  -1
-1  1 -1 -1  1 -1  1 -1 -1  1   1  -1   1   1  -1   1   1  -1   1  -1   1  -1   1  -1  -1  -1  -1   1   1   1  -1   1  -1  -1   1  -1  -1
-1 -1  1 -1 -1 -1 -1  1 -1 -1   1  -1   1  -1   1  -1   1   1   1   1   1  -1  -1   1   1   1   1  -1  -1   1   1  -1   1   1   1   1   1
-1 -1  1 -1 -1  1  1 -1 -1 -1  -1   1   1  -1  -1   1   1  -1  -1   1   1   1   1  -1  -1  -1   1   1   1   1   1  -1   1  -1  -1  -1  -1
-1  1 -1  1 -1 -1 -1  1  1 -1   1  -1   1   1  -1  -1   1   1  -1  -1  -1  -1  -1   1  -1   1  -1   1  -1  -1   1   1   1   1   1  -1   1
 1  1 -1 -1 -1  1  1 -1  1  1  -1   1   1   1  -1  -1   1   1   1  -1   1   1   1  -1  -1   1   1   1   1  -1  -1  -1  -1  -1  -1   1   1
-1  1 -1 -1 -1 -1 -1  1  1 -1  -1  -1  -1   1  -1   1  -1   1  -1   1   1  -1   1  -1  -1  -1  -1   1   1   1   1   1  -1   1  -1  -1  -1
 1 -1 -1 -1 -1 -1 -1  1 -1 -1  -1   1   1   1   1  -1  -1  -1   1  -1   1   1   1   1   1  -1  -1  -1   1   1  -1  -1   1   1   1   1  -1
 1  1 -1 -1 -1 -1  1  1 -1  1  -1   1  -1  -1   1   1   1   1   1   1  -1   1   1  -1   1  -1   1   1   1   1  -1  -1  -1   1   1  -1  -1
 1 -1  1  1 -1 -1  1  1  1  1  -1   1  -1   1  -1   1   1   1  -1  -1   1   1   1  -1  -1  -1  -1  -1   1  -1  -1   1  -1   1   1   1  -1
 1 -1 -1  1 -1 -1  1  1 -1 -1  -1  -1   1  -1   1   1   1   1  -1   1  -1   1  -1  -1  -1  -1   1  -1  -1  -1   1   1   1  -1   1  -1  -1
-1 -1 -1  1 -1 -1  1  1  1  1   1  -1  -1  -1  -1   1  -1  -1  -1   1   1  -1  -1  -1  -1   1   1  -1  -1  -1   1   1  -1   1   1   1   1
 1 -1 -1  1 -1 -1 -1  1 -1 -1   1   1  -1   1   1   1   1  -1   1   1  -1   1  -1  -1   1   1  -1  -1  -1  -1  -1  -1  -1   1  -1   1   1
-1 -1  1  1  1  1  1 -1  1  1   1  -1  -1   1   1   1  -1   1   1   1  -1   1  -1   1   1  -1  -1  -1   1   1  -1  -1  -1   1  -1  -1   1
-1 -1  1  1 -1 -1 -1 -1 -1 -1  -1  -1  -1  -1  -1  -1   1  -1  -1  -1  -1  -1   1  -1   1  -1   1   1  -1   1  -1   1   1  -1   1  -1   1
-1 -1 -1 -1 -1  1  1 -1 -1  1  -1  -1  -1   1   1   1   1  -1  -1   1   1  -1   1   1   1   1   1  -1   1  -1   1   1   1  -1   1  -1   1
-1 -1  1  1 -1 -1 -1  1  1 -1  -1  -1  -1  -1   1   1  -1   1   1   1   1   1  -1   1  -1   1  -1   1  -1   1  -1   1   1  -1   1  -1   1
-1  1 -1 -1 -1  1  1  1  1 -1   1   1  -1   1  -1   1   1   1  -1   1   1   1  -1   1   1   1  -1   1   1  -1  -1  -1   1   1  -1  -1  -1
-1  1 -1 -1  1  1  1 -1 -1  1   1  -1  -1  -1  -1   1  -1   1  -1  -1   1   1  -1   1  -1  -1   1   1   1  -1  -1   1  -1   1  -1   1   1
 1  1  1  1  1 -1  1  1  1  1   1   1  -1  -1   1   1  -1  -1  -1   1   1  -1  -1  -1   1   1  -1   1   1  -1   1   1   1  -1  -1  -1  -1
 1  1  1  1 -1 -1 -1  1 -1 -1  -1   1   1  -1  -1  -1  -1  -1  -1  -1   1  -1  -1  -1   1   1  -1  -1  -1   1   1  -1  -1  -1  -1   1   1
-1 -1 -1  1  1  1 -1 -1 -1 -1  -1  -1  -1   1  -1   1  -1  -1  -1  -1   1   1   1   1  -1   1  -1  -1  -1   1  -1   1  -1   1   1  -1  -1
-1 -1  1 -1 -1 -1  1  1 -1 -1  -1   1  -1   1   1  -1   1  -1  -1   1   1  -1  -1   1  -1  -1  -1  -1  -1   1  -1   1  -1  -1  -1  -1  -1
-1  1  1  1 -1 -1  1  1 -1  1  -1  -1   1   1   1  -1   1  -1   1   1   1  -1   1   1   1  -1  -1   1   1  -1   1  -1   1   1  -1  -1  -1
 1 -1  1  1 -1  1  1  1 -1  1  -1   1   1  -1  -1   1  -1  -1   1   1  -1   1   1  -1   1   1  -1   1  -1  -1   1  -1   1   1   1   1  -1
-1 -1 -1 -1  1  1  1 -1  1 -1  -1   1  -1  -1  -1  -1   1   1   1  -1   1  -1   1   1  -1  -1  -1   1  -1   1  -1   1   1   1  -1  -1   1
-1  1 -1 -1  1  1  1  1  1  1   1  -1  -1  -1   1  -1   1  -1   1   1  -1  -1   1  -1   1   1  -1   1   1  -1  -1   1  -1   1  -1   1   1
 1 -1 -1  1  1  1 -1  1 -1  1   1  -1   1   1  -1  -1  -1  -1   1   1   1   1  -1  -1   1   1   1  -1  -1   1  -1   1   1  -1   1   1   1
-1  1 -1  1 -1 -1 -1  1 -1 -1   1  -1   1   1  -1  -1   1   1  -1   1   1   1   1  -1   1  -1   1  -1   1   1  -1  -1  -1  -1  -1   1  -1
 1  1 -1  1  1  1 -1  1 -1 -1  -1   1   1   1  -1   1   1  -1  -1  -1  -1   1  -1   1  -1  -1   1   1  -1   1   1  -1   1   1  -1   1  -1
 1 -1  1  1  1 -1 -1  1  1 -1   1   1   1   1   1  -1   1   1  -1  -1  -1  -1  -1   1   1   1   1  -1   1  -1   1   1  -1  -1  -1   1  -1
 1  1 -1  1 -1 -1 -1  1  1  1  -1  -1  -1   1   1  -1  -1  -1  -1   1  -1  -1   1  -1   1   1   1  -1   1   1  -1  -1   1   1  -1  -1   1
-1 -1  1  1 -1  1  1 -1  1 -1   1   1  -1  -1  -1  -1  -1  -1  -1   1   1  -1   1  -1   1  -1  -1  -1   1   1  -1   1   1   1  -1   1  -1
-1  1 -1  1 -1 -1  1  1  1 -1  -1   1  -1  -1  -1  -1   1  -1   1  -1  -1  -1  -1   1   1  -1   1   1  -1  -1  -1  -1  -1  -1  -1   1  -1
 1 -1 -1  1  1 -1 -1 -1  1  1   1  -1  -1  -1   1   1  -1  -1   1  -1  -1   1  -1  -1  -1  -1   1  -1  -1  -1  -1   1   1   1  -1  -1  -1
-1 -1 -1  1  1 -1  1  1 -1 -1   1   1  -1   1   1  -1  -1   1   1  -1   1  -1  -1  -1   1  -1  -1   1   1   1  -1   1  -1  -1  -1   1   1
-1  1  1 -1 -1 -1 -1 -1 -1  1  -1   1   1  -1  -1  -1   1  -1   1  -1  -1  -1  -1  -1  -1  -1   1  -1   1  -1   1  -1  -1   1   1  -1   1
 1 -1 -1 -1  1  1  1 -1 -1  1   1   1   1  -1   1  -1  -1  -1   1  -1  -1   1   1   1  -1   1  -1   1  -1   1  -1   1  -1  -1  -1   1  -1
 1 -1 -1  1  1 -1  1 -1 -1  1  -1   1   1   1   1   1  -1   1  -1   1   1  -1   1   1  -1  -1   1   1   1   1  -1   1   1   1  -1  -1  -1
-1 -1 -1  1 -1  1  1  1 -1  1   1  -1   1   1  -1   1   1   1   1  -1  -1  -1  -1  -1   1  -1   1   1   1  -1  -1  -1   1   1   1   1   1
-1 -1 -1 -1 -1 -1 -1 -1  1  1   1   1  -1   1   1   1  -1  -1  -1  -1  -1  -1   1   1   1   1  -1   1  -1  -1   1   1   1   1  -1   1  -1
-1 -1  1 -1 -1 -1  1 -1  1 -1  -1   1  -1   1  -1   1  -1   1   1  -1  -1   1   1  -1   1   1   1  -1  -1   1  -1   1  -1  -1  -1  -1  -1
-1  1  1 -1 -1  1 -1 -1 -1  1  -1   1  -1   1  -1  -1  -1   1  -1  -1  -1   1   1   1  -1  -1  -1  -1   1   1   1  -1  -1  -1  -1   1  -1
 1  1 -1 -1  1 -1  1  1  1 -1  -1  -1  -1   1  -1  -1   1  -1  -1  -1  -1   1   1  -1  -1   1  -1  -1  -1  -1   1  -1  -1  -1  -1  -1  -1
-1  1  1 -1 -1 -1 -1  1  1  1  -1   1   1  -1   1   1  -1   1  -1   1   1   1   1   1   1   1  -1  -1   1  -1   1  -1  -1   1   1  -1   1
-1 -1  1  1  1  1  1  1 -1  1   1  -1  -1   1  -1  -1   1  -1  -1  -1   1  -1   1  -1  -1   1   1  -1   1   1  -1  -1  -1   1  -1  -1   1
 1 -1 -1  1  1 -1 -1  1 -1  1   1  -1  -1  -1  -1  -1   1   1  -1   1   1  -1   1   1   1   1  -1  -1  -1  -1  -1   1   1   1  -1  -1  -1
-1 -1 -1  1  1 -1  1 -1  1 -1   1   1  -1   1  -1   1   1  -1  -1   1  -1   1   1   1  -1   1   1   1   1   1  -1   1  -1  -1  -1   1   1
-1  1  1 -1 -1 -1 -1 -1  1  1  -1   1   1  -1  -1  -1   1  -1   1   1   1   1   1   1   1   1  -1   1  -1   1  -1   1   1  -1  -1   1  -1
 1 -1 -1  1  1  1  1  1 -1  1  -1   1  -1  -1  -1  -1  -1   1  -1   1   1   1  -1  -1  -1  -1  -1  -1  -1   1   1  -1  -1   1  -1  -1  -1
 1  1  1  1  1 -1 -1 -1  1  1  -1  -1   1   1  -1  -1   1  -1  -1   1   1  -1  -1  -1  -1  -1   1  -1  -1   1   1   1   1  -1  -1  -1  -1
-1  1 -1 -1 -1  1 -1  1 -1 -1  -1  -1   1  -1  -1   1   1  -1   1  -1  -1  -1   1  -1   1   1  -1  -1  -1   1  -1  -1   1   1  -1  -1  -1
-1 -1  1  1  1 -1  1 -1  1  1   1  -1   1  -1   1   1   1  -1  -1   1  -1  -1   1  -1   1  -1   1  -1   1  -1  -1  -1  -1  -1   1   1  -1
 1 -1  1 -1 -1  1 -1  1  1  1  -1  -1   1   1  -1  -1   1   1  -1   1  -1  -1   1  -1   1  -1  -1  -1  -1  -1   1  -1  -1   1  -1   1   1
 1  1 -1  1 -1  1  1  1 -1  1   1   1  -1   1   1  -1   1  -1  -1  -1   1  -1   1  -1   1   1  -1   1  -1   1  -1  -1   1  -1   1   1  -1
 1 -1 -1 -1  1  1 -1  1  1  1  -1  -1  -1   1  -1   1   1  -1   1   1   1  -1  -1  -1  -1   1  -1   1  -1   1   1  -1   1   1   1  -1   1
-1 -1  1 -1  1 -1 -1 -1  1  1   1   1   1   1   1  -1  -1   1   1  -1   1  -1  -1   1  -1  -1  -1  -1  -1   1   1   1  -1   1   1  -1  -1
-1  1 -1 -1  1  1 -1  1 -1  1  -1   1   1   1   1  -1   1   1  -1  -1   1   1  -1   1   1   1  -1  -1  -1   1  -1   1  -1   1  -1   1   1
 1 -1  1  1  1  1 -1  1 -1 -1   1   1  -1  -1   1  -1  -1  -1   1   1   1  -1  -1   1  -1  -1   1   1  -1  -1  -1  -1   1  -1  -1   1  -1
