A B C D E F G H J  ABC BCEF ABDEG ACDEG ABFG BCDFG CEFG BEH CDEH AFH ABDFH    DEFH ABEGH    ACDFGH   ABDEJ  DFJ ACDGJ BEGJ BCDEGJ   AFGJ ABCDEFGJ BCHJ BDHJ CEHJ ABCDEHJ  ACFHJ    ABCDFHJ  ADEFHJ   DEGHJ
 1 -1 -1  1 -1  1  1  1 -1  1  -1   1   1  -1   1   1   1   1   1  -1  -1   1  -1  -1  -1   1  -1   1  -1   1  -1   1  -1   1   1  -1   1   1
-1 -1 -1 -1 -1 -1  1  1  1 -1   1   1   1  -1   1  -1   1  -1   1   1  -1  -1   1   1   1  -1   1   1   1   1   1   1   1  -1  -1  -1   1   1
 1  1  1  1 -1 -1 -1  1 -1  1   1   1   1   1   1  -1  -1  -1  -1  -1   1   1   1   1   1   1  -1  -1  -1   1  -1  -1   1   1   1   1  -1  -1
-1  1 -1 -1 -1  1  1  1 -1  1   1  -1   1  -1   1   1  -1  -1  -1   1   1   1  -1   1   1   1   1   1   1  -1   1   1  -1  -1  -1   1   1  -1
-1 -1  1  1 -1 -1 -1  1 -1  1  -1   1  -1   1  -1  -1   1  -1   1  -1   1   1  -1   1   1  -1   1   1   1   1   1   1   1   1  -1   1   1  -1
-1  1  1  1  1  1 -1 -1 -1 -1   1   1   1   1  -1  -1  -1  -1   1   1  -1  -1  -1   1  -1  -1   1   1  -1  -1   1   1   1  -1  -1  -1  -1  -1
 1  1  1 -1  1 -1  1 -1  1  1  -1  -1  -1  -1   1  -1  -1   1   1  -1  -1  -1  -1  -1   1  -1   1  -1  -1   1  -1   1  -1   1   1  -1  -1   1
 1 -1 -1  1  1  1 -1 -1  1  1   1   1   1   1  -1   1   1   1  -1   1  -1  -1  -1  -1   1   1   1  -1  -1  -1  -1   1   1  -1   1  -1  -1   1
-1  1 -1 -1  1 -1  1  1 -1  1   1   1  -1   1  -1   1   1   1   1  -1   1  -1   1  -1  -1   1  -1  -1  -1  -1   1   1   1   1   1  -1   1   1
 1 -1 -1  1  1  1 -1  1 -1  1   1   1   1   1  -1   1  -1  -1   1  -1   1   1   1   1  -1  -1  -1   1   1   1  -1   1   1  -1   1  -1  -1   1
-1  1  1 -1 -1  1 -1  1 -1 -1  -1   1   1   1   1   1  -1   1  -1   1   1  -1  -1   1   1   1  -1   1  -1  -1  -1   1   1   1   1  -1   1   1
-1  1 -1  1  1  1 -1  1 -1  1  -1   1  -1   1   1   1   1  -1  -1  -1   1   1  -1   1  -1   1   1  -1  -1   1   1  -1   1  -1  -1  -1   1   1
-1 -1 -1  1  1 -1  1  1 -1 -1  -1   1   1  -1  -1   1  -1  -1   1  -1  -1   1  -1  -1   1  -1   1  -1  -1  -1  -1   1   1   1   1  -1  -1  -1
-1 -1 -1 -1  1 -1  1  1 -1 -1  -1  -1  -1  -1   1   1  -1   1   1   1   1   1   1   1  -1   1   1   1  -1   1  -1  -1   1  -1   1   1   1   1
 1  1 -1 -1  1  1  1 -1  1 -1  -1  -1   1   1   1  -1  -1  -1  -1   1   1  -1  -1  -1  -1   1   1   1   1   1   1   1   1  -1   1  -1   1   1
-1 -1  1 -1  1  1 -1 -1  1  1  -1   1  -1  -1  -1  -1   1   1   1   1   1   1   1  -1  -1  -1   1  -1   1   1   1  -1  -1   1   1   1  -1  -1
 1 -1 -1 -1  1 -1  1  1  1  1  -1   1   1   1   1   1  -1   1  -1  -1   1  -1  -1   1   1   1  -1  -1  -1   1   1   1  -1  -1   1   1   1  -1
 1 -1 -1 -1  1  1 -1 -1 -1  1   1  -1  -1   1   1   1   1  -1  -1  -1   1  -1   1  -1   1   1  -1  -1   1  -1   1   1  -1  -1  -1  -1  -1   1
-1 -1  1 -1 -1  1 -1 -1 -1  1   1  -1   1  -1  -1   1  -1  -1   1   1  -1  -1   1  -1   1   1   1  -1  -1   1  -1   1  -1   1  -1  -1  -1  -1
 1  1  1 -1  1 -1  1 -1 -1  1  -1  -1  -1  -1   1  -1  -1   1   1  -1  -1  -1  -1   1  -1   1  -1   1   1  -1   1  -1   1  -1  -1   1   1  -1
-1  1 -1 -1 -1 -1  1  1 -1  1  -1  -1   1   1  -1  -1  -1  -1   1  -1  -1   1   1   1  -1   1   1   1  -1   1   1   1  -1  -1   1  -1  -1  -1
 1  1 -1 -1 -1  1  1 -1 -1 -1   1   1  -1   1   1   1   1   1  -1   1  -1   1  -1  -1   1  -1   1   1  -1   1  -1  -1   1  -1  -1   1   1   1
 1 -1  1 -1 -1 -1  1 -1  1 -1  -1  -1   1   1  -1   1  -1  -1   1   1   1  -1  -1  -1   1  -1   1  -1  -1   1   1  -1   1   1   1   1   1  -1
 1  1 -1  1  1  1 -1 -1 -1 -1  -1  -1   1  -1   1   1  -1   1  -1  -1  -1   1  -1  -1  -1  -1   1  -1   1  -1  -1   1  -1  -1  -1  -1   1  -1
 1  1  1 -1 -1 -1  1 -1  1  1   1   1   1  -1   1   1   1  -1   1  -1   1   1  -1   1   1  -1  -1   1  -1  -1  -1   1   1  -1   1  -1   1  -1
 1 -1 -1 -1 -1 -1  1 -1 -1  1   1  -1  -1   1   1  -1  -1   1   1   1   1  -1   1   1  -1  -1  -1  -1   1   1   1   1   1   1   1   1  -1   1
-1  1 -1 -1 -1  1 -1  1  1  1   1   1  -1   1  -1  -1  -1  -1  -1   1   1  -1   1  -1  -1   1   1   1   1  -1  -1  -1   1   1   1  -1  -1  -1
-1  1 -1 -1  1  1 -1 -1  1  1  -1  -1   1   1  -1   1  -1  -1   1  -1   1  -1  -1   1  -1   1  -1  -1   1   1   1   1   1   1  -1   1  -1  -1
-1  1  1  1  1  1  1 -1  1 -1   1  -1  -1  -1   1   1  -1  -1   1   1  -1   1   1  -1   1  -1   1   1  -1  -1  -1  -1  -1   1   1   1   1  -1
-1 -1  1  1  1 -1 -1  1  1  1   1  -1   1   1  -1   1  -1   1   1  -1  -1  -1  -1   1  -1   1   1   1  -1   1  -1  -1   1   1   1  -1   1  -1
 1  1 -1 -1  1 -1 -1  1  1 -1   1   1  -1   1   1  -1   1   1  -1   1   1  -1   1  -1   1  -1  -1  -1   1   1  -1  -1  -1   1   1  -1   1   1
 1  1 -1  1  1 -1 -1 -1 -1 -1   1  -1   1   1  -1  -1  -1   1   1   1   1   1   1  -1   1  -1   1  -1  -1   1  -1   1  -1  -1   1   1  -1  -1
-1  1 -1  1  1  1  1  1  1  1  -1  -1   1  -1  -1  -1   1  -1  -1  -1   1  -1   1  -1   1   1   1  -1  -1   1  -1   1  -1   1   1   1  -1   1
-1  1  1 -1  1 -1  1 -1 -1 -1  -1   1   1   1   1  -1  -1   1  -1   1  -1   1   1  -1  -1  -1  -1   1  -1   1   1  -1   1   1   1  -1  -1  -1
-1 -1 -1 -1 -1 -1  1 -1  1 -1   1   1   1  -1   1  -1  -1   1  -1  -1   1   1  -1   1   1  -1   1   1   1   1  -1  -1  -1   1   1   1  -1  -1
 1 -1  1  1  1 -1  1  1  1 -1   1  -1   1   1   1  -1  -1   1  -1   1  -1  -1  -1  -1  -1   1  -1  -1  -1   1  -1  -1   1  -1  -1   1  -1   1
 1 -1 -1  1 -1  1  1  1  1  1  -1   1   1  -1   1   1   1   1   1  -1  -1   1  -1   1   1  -1   1  -1   1  -1   1  -1   1  -1  -1   1  -1  -1
 1  1 -1  1  1 -1  1 -1 -1 -1   1   1  -1  -1   1   1  -1   1   1   1   1  -1  -1  -1   1   1  -1   1   1  -1  -1   1  -1  -1   1   1  -1   1
 1  1 -1 -1 -1 -1  1 -1  1 -1  -1   1  -1  -1  -1  -1   1   1   1  -1   1   1   1   1   1   1  -1  -1  -1   1   1   1  -1   1  -1   1   1  -1
 1 -1  1 -1 -1 -1 -1 -1 -1 -1  -1   1  -1  -1   1  -1  -1  -1   1   1   1   1   1   1  -1  -1   1  -1  -1   1  -1   1  -1  -1  -1  -1  -1  -1
 1  1  1  1  1  1 -1 -1 -1  1   1  -1  -1  -1  -1  -1  -1  -1  -1  -1  -1   1   1  -1  -1   1   1   1   1   1   1   1   1   1   1   1   1  -1
-1 -1  1  1 -1 -1  1  1  1  1  -1  -1   1  -1   1   1   1  -1   1  -1   1  -1   1  -1  -1  -1   1   1   1   1  -1  -1  -1  -1   1  -1  -1  -1
-1 -1  1 -1 -1 -1 -1  1  1  1  -1  -1   1   1   1  -1   1   1   1   1  -1   1   1   1   1  -1  -1   1  -1   1  -1   1  -1   1   1   1   1  -1
-1 -1 -1  1  1 -1 -1  1 -1 -1  -1  -1  -1   1   1  -1  -1  -1   1  -1  -1  -1   1  -1   1   1  -1   1   1   1  -1   1   1   1   1  -1  -1   1
 1  1  1  1 -1  1 -1  1  1  1  -1   1   1  -1  -1   1  -1  -1   1   1  -1   1  -1  -1   1  -1   1   1  -1   1   1   1  -1  -1   1   1  -1   1
 1  1  1 -1 -1  1 -1 -1  1  1  -1  -1  -1  -1   1   1   1  -1  -1   1  -1  -1  -1   1  -1   1   1  -1  -1  -1  -1   1   1  -1  -1   1  -1   1
 1  1  1  1 -1 -1 -1  1  1  1   1   1   1   1   1  -1  -1  -1  -1  -1   1   1   1  -1  -1  -1   1   1   1  -1   1   1  -1  -1  -1  -1   1   1
-1 -1 -1  1  1  1 -1  1 -1 -1   1  -1  -1  -1  -1   1  -1  -1  -1   1   1  -1  -1  -1  -1   1  -1   1  -1  -1  -1   1   1   1  -1   1   1   1
-1 -1  1 -1 -1  1 -1  1 -1  1   1  -1   1  -1  -1   1   1   1  -1  -1   1   1  -1  -1   1   1   1  -1  -1   1   1  -1   1  -1   1   1   1   1
-1  1  1 -1  1 -1  1  1  1 -1  -1   1   1   1   1  -1   1  -1   1  -1   1  -1  -1   1   1   1   1  -1   1  -1   1  -1   1   1   1  -1  -1  -1
-1  1  1 -1 -1  1 -1  1  1 -1  -1   1   1   1   1   1  -1   1  -1   1   1  -1  -1  -1  -1  -1   1  -1   1   1   1  -1  -1  -1  -1   1  -1  -1
-1 -1  1 -1  1 -1  1 -1  1  1   1  -1   1  -1  -1  -1   1   1  -1  -1  -1  -1   1  -1   1   1  -1   1   1   1   1  -1  -1   1  -1  -1   1   1
 1 -1 -1  1  1  1  1 -1  1  1   1  -1  -1  -1   1  -1   1   1  -1   1  -1   1   1  -1   1  -1  -1   1   1   1  -1   1   1  -1   1  -1  -1  -1
-1  1 -1  1  1 -1 -1  1  1  1   1   1  -1  -1  -1  -1   1  -1   1   1  -1   1   1  -1  -1  -1  -1   1  -1   1  -1   1  -1   1  -1  -1   1  -1
 1  1 -1 -1  1  1 -1 -1 -1 -1  -1   1  -1  -1  -1   1  -1  -1  -1   1   1   1   1   1   1   1   1   1   1   1  -1  -1  -1   1  -1   1  -1   1
 1  1  1 -1 -1  1 -1  1 -1  1  -1  -1  -1  -1   1   1  -1   1   1  -1   1   1   1  -1   1  -1  -1   1   1   1  -1   1   1  -1  -1   1  -1   1
-1  1  1 -1 -1 -1 -1 -1 -1 -1   1   1   1  -1  -1  -1   1  -1  -1   1   1   1  -1   1  -1   1  -1   1   1   1   1  -1  -1  -1   1  -1   1  -1
-1  1  1  1 -1  1 -1 -1  1 -1  -1  -1  -1   1  -1   1   1   1   1   1   1   1  -1   1   1   1   1   1   1  -1  -1  -1   1  -1   1   1  -1  -1
-1 -1 -1 -1  1  1  1  1 -1 -1   1  -1  -1   1  -1  -1  -1   1  -1  -1  -1   1  -1   1   1   1   1   1   1  -1  -1  -1   1  -1  -1  -1  -1   1
 1  1  1 -1 -1  1  1  1  1  1  -1   1   1   1  -1  -1  -1   1   1  -1   1  -1  -1   1  -1  -1  -1   1   1   1   1  -1  -1   1   1  -1   1   1
 1 -1 -1 -1  1 -1 -1  1  1  1  -1  -1  -1  -1  -1  -1  -1   1  -1  -1   1   1   1   1   1  -1   1   1   1  -1   1   1  -1  -1   1   1   1   1
 1 -1 -1  1 -1 -1 -1 -1 -1  1   1  -1  -1  -1   1   1  -1  -1   1  -1  -1   1   1  -1   1  -1   1  -1  -1   1   1  -1   1  -1   1  -1   1   1
 1 -1 -1  1 -1 -1  1  1 -1  1   1   1   1   1  -1  -1   1   1  -1   1   1   1   1  -1   1   1  -1   1   1  -1  -1   1  -1   1  -1   1  -1   1
-1  1  1 -1  1  1  1 -1 -1 -1   1   1   1  -1  -1   1  -1   1   1  -1   1   1  -1  -1   1  -1  -1   1   1  -1   1  -1   1   1  -1   1   1  -1
-1  1 -1 -1 -1  1  1 -1  1  1   1  -1   1  -1   1   1   1   1   1  -1  -1  -1   1  -1  -1  -1  -1  -1  -1   1   1   1  -1  -1  -1   1   1  -1
-1  1 -1 -1  1 -1 -1 -1 -1  1   1  -1   1  -1   1  -1  -1  -1  -1   1  -1  -1   1  -1  -1  -1   1   1   1   1  -1  -1  -1  -1  -1   1  -1   1
-1  1 -1 -1 -1 -1 -1 -1 -1  1  -1   1  -1  -1   1   1   1   1  -1   1   1   1   1   1  -1  -1  -1  -1   1  -1  -1  -1   1   1  -1   1   1  -1
-1  1  1  1 -1 -1 -1 -1  1 -1   1  -1  -1  -1   1  -1   1   1  -1  -1  -1   1   1   1  -1   1   1   1  -1   1  -1  -1   1  -1  -1  -1   1  -1
 1  1  1 -1 -1 -1  1 -1 -1  1   1   1   1  -1   1   1   1  -1   1  -1   1   1  -1  -1  -1   1   1  -1   1   1   1  -1  -1   1  -1   1  -1   1
-1 -1 -1 -1 -1 -1 -1 -1 -1 -1   1  -1  -1   1  -1   1  -1   1  -1  -1   1  -1   1  -1  -1  -1   1   1   1   1   1   1   1  -1  -1  -1   1  -1
 1  1 -1  1  1 -1 -1  1 -1 -1   1  -1   1   1  -1  -1   1  -1  -1  -1  -1  -1  -1  -1   1  -1   1  -1  -1   1   1  -1   1   1  -1  -1   1   1
 1  1 -1  1  1 -1  1  1  1 -1   1   1  -1  -1   1   1   1  -1  -1  -1  -1   1   1   1  -1  -1   1  -1  -1   1  -1   1  -1  -1   1   1  -1   1
-1 -1  1  1  1  1  1 -1  1  1  -1   1  -1   1  -1   1   1  -1   1  -1  -1  -1   1   1   1  -1  -1  -1  -1   1   1   1  -1  -1   1  -1   1  -1
 1  1 -1 -1 -1 -1  1  1  1 -1  -1   1  -1  -1  -1  -1  -1  -1  -1   1  -1  -1  -1   1   1   1  -1  -1  -1   1  -1  -1   1  -1   1  -1  -1   1
 1 -1 -1 -1 -1 -1  1 -1  1  1   1  -1  -1   1   1  -1  -1   1   1   1   1  -1   1  -1   1   1   1   1  -1  -1  -1  -1  -1  -1  -1  -1   1  -1
-1  1 -1 -1  1 -1 -1  1 -1  1   1  -1   1  -1   1  -1   1   1   1  -1   1   1  -1  -1  -1  -1   1   1   1   1   1   1   1   1   1  -1   1  -1
 1  1  1 -1 -1  1  1 -1  1  1  -1   1   1   1  -1  -1   1  -1  -1   1  -1   1   1   1  -1  -1  -1   1   1   1  -1   1   1  -1  -1   1  -1  -1
-1 -1 -1  1 -1 -1  1 -1 -1 -1   1  -1  -1  -1  -1  -1  -1  -1  -1   1  -1   1   1   1   1  -1  -1   1  -1   1   1  -1   1   1  -1   1  -1  -1
 1 -1 -1 -1  1 -1  1 -1 -1  1  -1   1   1   1   1   1   1  -1   1   1  -1   1   1  -1  -1  -1   1   1   1  -1   1   1  -1  -1   1   1   1  -1
 1 -1  1  1 -1  1  1 -1 -1 -1   1   1  -1  -1  -1  -1  -1   1  -1   1   1  -1  -1  -1  -1  -1  -1  -1  -1  -1  -1  -1  -1   1   1  -1  -1  -1
-1 -1 -1  1 -1 -1  1  1 -1 -1   1  -1  -1  -1  -1  -1   1   1   1  -1   1  -1  -1   1   1  -1  -1   1  -1   1  -1   1  -1  -1   1  -1   1   1
 1  1 -1  1 -1  1 -1 -1  1 -1   1   1  -1  -1   1  -1   1  -1  -1  -1   1  -1  -1  -1   1   1   1  -1  -1  -1   1  -1  -1  -1   1   1   1  -1
 1  1  1 -1 -1  1  1 -1 -1  1  -1   1   1   1  -1  -1   1  -1  -1   1  -1   1   1  -1   1   1   1  -1  -1  -1   1  -1  -1   1   1  -1   1   1
-1 -1  1 -1  1 -1 -1 -1 -1  1   1   1  -1   1   1   1   1   1  -1  -1  -1   1  -1   1  -1   1  -1   1   1   1  -1   1   1  -1   1   1  -1   1
-1  1  1 -1 -1  1  1 -1 -1 -1  -1  -1  -1  -1  -1  -1   1  -1   1  -1  -1  -1  -1   1   1  -1   1  -1   1   1   1  -1  -1  -1  -1   1  -1   1
 1 -1 -1 -1 -1  1 -1  1  1  1  -1   1   1   1   1  -1   1  -1   1   1   1  -1  -1  -1  -1  -1  -1  -1  -1  -1   1   1   1   1  -1  -1   1  -1
-1  1  1 -1  1 -1 -1  1  1 -1  -1  -1  -1  -1  -1   1   1  -1   1  -1   1   1   1   1   1  -1  -1   1  -1   1   1  -1   1   1   1  -1  -1   1
 1 -1 -1 -1 -1  1 -1 -1 -1  1  -1   1   1   1   1  -1  -1   1  -1  -1  -1   1   1   1   1   1   1   1   1   1   1   1   1   1  -1  -1   1  -1
 1  1 -1  1 -1  1  1  1  1 -1   1  -1   1   1  -1   1  -1   1   1   1  -1  -1  -1  -1   1  -1  -1   1   1   1  -1   1   1   1  -1  -1  -1  -1
 1  1  1  1 -1  1 -1 -1  1  1  -1   1   1  -1  -1   1   1   1  -1  -1   1  -1   1  -1   1  -1   1   1  -1   1  -1  -1   1   1  -1  -1   1  -1
-1 -1 -1  1  1  1  1  1  1 -1   1   1   1   1   1  -1  -1  -1  -1   1   1   1   1   1   1   1  -1   1  -1  -1   1  -1  -1  -1   1  -1  -1   1
 1  1  1 -1 -1  1 -1 -1 -1  1  -1  -1  -1  -1   1   1   1  -1  -1   1  -1  -1  -1  -1   1  -1  -1   1   1   1   1  -1  -1   1   1  -1   1  -1
-1 -1 -1 -1  1  1 -1 -1 -1 -1   1   1   1  -1   1   1   1  -1   1   1   1   1  -1   1   1  -1  -1  -1  -1   1   1   1  -1   1   1   1   1   1
-1  1  1 -1 -1  1 -1 -1  1 -1  -1   1   1   1   1   1   1  -1   1  -1  -1   1   1  -1  -1  -1   1  -1   1   1  -1   1   1   1   1  -1   1   1
 1  1  1 -1  1 -1  1  1  1  1  -1  -1  -1  -1   1  -1   1  -1  -1   1   1   1   1  -1   1  -1   1  -1  -1   1   1  -1   1  -1  -1   1   1  -1
 1 -1  1 -1  1  1 -1 -1 -1 -1  -1  -1   1   1  -1  -1   1   1  -1  -1   1  -1  -1  -1   1  -1  -1   1   1   1  -1   1   1   1   1   1  -1   1
-1  1  1 -1  1 -1 -1 -1  1 -1  -1  -1  -1  -1  -1   1  -1   1  -1   1  -1  -1  -1   1   1  -1  -1   1  -1   1  -1   1  -1  -1  -1   1   1  -1
-1  1 -1  1 -1  1 -1 -1 -1  1   1  -1   1   1   1  -1   1  -1   1   1   1   1   1  -1  -1   1  -1   1  -1  -1  -1   1   1  -1   1   1   1   1
 1 -1 -1  1  1 -1 -1  1 -1  1  -1   1   1  -1   1  -1  -1  -1  -1   1  -1   1  -1   1   1  -1  -1   1  -1  -1  -1   1   1  -1  -1   1   1   1
 1  1 -1  1  1  1 -1  1  1 -1  -1  -1   1  -1   1   1   1  -1   1   1   1  -1   1   1   1   1  -1   1  -1   1  -1   1  -1  -1  -1  -1   1  -1
 1 -1 -1  1  1 -1  1 -1  1  1  -1  -1  -1   1  -1   1   1   1   1  -1   1   1  -1  -1  -1  -1  -1   1  -1  -1  -1   1   1  -1  -1   1   1  -1
-1 -1 -1  1 -1  1  1 -1 -1 -1  -1  -1  -1   1   1   1  -1  -1   1  -1   1   1  -1   1  -1  -1  -1   1   1  -1   1  -1   1   1   1  -1   1  -1
-1 -1 -1  1  1 -1 -1 -1 -1 -1  -1  -1  -1   1   1  -1   1   1  -1   1   1   1  -1  -1   1   1  -1   1   1   1   1  -1  -1  -1  -1   1   1  -1
-1 -1  1 -1 -1 -1  1  1 -1  1  -1   1  -1  -1  -1   1   1   1   1   1  -1  -1  -1  -1  -1  -1  -1   1  -1   1   1  -1   1  -1  -1  -1  -1  -1
 1  1 -1  1  1  1 -1 -1  1 -1  -1  -1   1  -1   1   1  -1   1  -1  -1  -1   1  -1   1   1   1  -1   1  -1   1   1  -1   1   1   1   1  -1   1
-1 -1 -1  1  1  1 -1 -1  1 -1   1  -1  -1  -1  -1   1   1   1   1  -1  -1   1   1   1   1  -1   1  -1   1   1  -1   1   1   1  -1   1   1   1
 1  1 -1  1  1  1 -1  1 -1 -1  -1  -1   1  -1   1   1   1  -1   1   1   1  -1   1  -1  -1  -1   1  -1   1  -1   1  -1   1   1   1   1  -1   1
-1 -1 -1 -1  1 -1  1 -1  1 -1  -1  -1  -1  -1   1   1   1  -1  -1  -1  -1  -1  -1  -1   1  -1  -1  -1   1  -1  -1  -1   1  -1   1   1   1   1
-1  1  1  1  1 -1  1 -1 -1 -1  -1  -1  -1   1  -1  -1  -1  -1  -1  -1   1   1  -1   1   1   1  -1  -1  -1  -1   1   1   1  -1   1   1   1   1
-1 -1  1  1 -1 -1  1 -1 -1  1  -1  -1   1  -1   1   1  -1   1  -1   1  -1   1  -1   1   1   1  -1  -1  -1  -1  -1  -1  -1  -1   1  -1  -1  -1
-1 -1 -1 -1  1 -1  1 -1 -1 -1  -1  -1  -1  -1   1   1   1  -1  -1  -1  -1  -1  -1   1  -1   1   1   1  -1   1   1   1  -1   1  -1  -1  -1  -1
-1 -1  1  1 -1 -1  1  1 -1  1  -1  -1   1  -1   1   1   1  -1   1  -1   1  -1   1   1   1   1  -1  -1  -1  -1   1   1   1   1  -1   1   1   1
 1  1  1 -1 -1 -1 -1  1  1  1   1  -1  -1   1  -1  -1  -1   1  -1   1  -1   1  -1   1   1   1   1  -1   1   1   1  -1  -1   1  -1   1  -1  -1
 1 -1  1 -1  1  1 -1 -1  1 -1  -1  -1   1   1  -1  -1   1   1  -1  -1   1  -1  -1   1  -1   1   1  -1  -1  -1   1  -1  -1  -1  -1  -1   1  -1
-1 -1  1 -1 -1  1  1  1 -1  1   1   1  -1   1   1  -1   1   1  -1  -1   1  -1   1  -1   1  -1  -1   1   1  -1   1  -1   1  -1   1   1   1  -1
-1 -1 -1  1 -1  1 -1 -1 -1 -1  -1   1   1  -1  -1  -1  -1  -1   1  -1   1  -1   1   1  -1   1   1  -1  -1   1   1  -1   1   1   1  -1   1   1
 1  1  1 -1 -1 -1 -1 -1 -1  1   1  -1  -1   1  -1  -1   1  -1   1  -1   1  -1   1  -1  -1  -1  -1   1  -1  -1   1  -1  -1   1  -1   1  -1  -1
-1  1 -1 -1 -1  1 -1 -1  1  1   1   1  -1   1  -1  -1   1   1   1  -1  -1   1  -1  -1  -1   1   1   1   1  -1   1   1  -1  -1  -1   1   1   1
 1  1 -1 -1 -1 -1 -1  1  1 -1  -1  -1   1   1   1   1  -1  -1  -1   1  -1   1   1   1   1  -1   1   1   1  -1  -1  -1   1  -1   1  -1  -1  -1
 1 -1  1 -1  1 -1  1 -1  1 -1   1   1  -1   1  -1  -1   1   1   1   1  -1   1  -1   1   1  -1  -1   1  -1  -1   1  -1  -1  -1   1   1  -1   1
-1 -1 -1 -1  1  1 -1 -1  1 -1   1   1   1  -1   1   1   1  -1   1   1   1   1  -1  -1  -1   1   1   1   1  -1  -1  -1   1  -1  -1  -1  -1  -1
-1 -1  1  1 -1  1 -1  1 -1  1   1   1  -1  -1   1   1   1  -1  -1   1  -1   1   1   1  -1  -1   1   1  -1  -1   1   1   1   1   1  -1  -1  -1
-1 -1  1  1  1  1  1  1  1  1  -1   1  -1   1  -1   1  -1   1  -1   1   1   1  -1   1   1  -1  -1  -1  -1   1  -1  -1   1   1  -1   1  -1   1
-1 -1  1 -1  1  1  1  1  1  1  -1  -1   1   1   1   1  -1  -1  -1  -1  -1   1   1  -1  -1   1  -1   1  -1  -1  -1   1   1  -1  -1  -1   1  -1
-1  1  1  1 -1 -1 -1  1  1 -1   1  -1  -1  -1   1  -1  -1  -1   1   1   1  -1  -1   1  -1   1   1   1  -1   1   1   1  -1   1   1   1  -1   1
 1 -1 -1 -1 -1 -1 -1  1 -1  1   1   1   1  -1  -1   1   1  -1  -1  -1  -1  -1   1   1  -1   1   1   1  -1  -1  -1  -1  -1  -1  -1  -1   1   1
 1 -1  1  1 -1 -1  1 -1 -1 -1  -1   1  -1   1   1   1  -1   1   1  -1  -1  -1   1  -1   1  -1  -1  -1   1   1  -1  -1  -1   1  -1   1   1  -1
 1 -1  1  1 -1  1 -1 -1 -1 -1   1  -1   1   1   1   1  -1   1  -1   1   1   1   1  -1  -1   1   1   1   1   1  -1  -1  -1   1   1  -1  -1   1
-1  1 -1  1 -1 -1  1  1  1  1  -1   1  -1   1   1  -1  -1   1   1   1   1   1  -1   1  -1   1  -1   1   1   1  -1   1   1  -1  -1  -1  -1  -1
-1  1  1 -1 -1 -1 -1  1 -1 -1   1   1   1  -1  -1  -1  -1   1   1  -1  -1  -1   1   1  -1   1  -1   1   1   1  -1   1   1   1  -1   1  -1   1
 1  1 -1  1 -1 -1 -1  1  1 -1  -1   1  -1   1  -1   1  -1   1  -1  -1   1   1  -1  -1  -1   1   1  -1   1   1  -1   1   1   1   1   1   1   1
-1  1 -1 -1  1  1  1 -1 -1  1  -1   1  -1  -1   1  -1  -1  -1   1  -1   1   1   1  -1   1   1  -1  -1   1   1  -1  -1  -1  -1   1  -1   1  -1
 1 -1  1  1 -1  1 -1  1  1 -1   1  -1   1   1   1   1   1  -1   1  -1  -1  -1  -1   1   1  -1  -1  -1  -1  -1  -1  -1  -1   1   1  -1  -1   1
 1  1  1 -1 -1 -1  1  1 -1  1   1   1   1  -1   1   1  -1   1  -1   1  -1  -1   1  -1  -1   1   1  -1   1   1  -1   1   1  -1   1  -1   1  -1
 1 -1  1 -1  1 -1 -1 -1  1 -1   1  -1   1  -1   1   1   1   1   1   1  -1  -1   1   1   1   1   1  -1   1   1   1  -1  -1  -1   1   1  -1  -1
-1  1  1  1  1  1  1  1  1 -1   1  -1  -1  -1   1   1   1   1  -1  -1   1  -1  -1  -1   1  -1   1   1  -1  -1   1   1   1  -1  -1  -1  -1   1
 1  1 -1 -1  1 -1  1 -1 -1 -1   1  -1   1  -1  -1   1  -1  -1   1  -1  -1  -1   1   1  -1  -1  -1  -1   1   1  -1  -1  -1   1   1  -1   1  -1
 1 -1 -1  1  1 -1  1  1 -1  1  -1  -1  -1   1  -1   1  -1  -1  -1   1  -1  -1   1   1   1   1   1  -1   1   1  -1   1   1  -1  -1   1   1  -1
 1  1  1  1  1 -1 -1  1  1  1  -1  -1  -1   1   1   1   1   1  -1  -1  -1  -1   1   1  -1  -1  -1  -1   1   1   1   1   1   1  -1  -1  -1  -1
 1  1 -1 -1 -1 -1 -1 -1  1 -1  -1  -1   1   1   1   1   1   1   1  -1   1  -1  -1   1   1  -1   1   1   1  -1   1   1  -1   1  -1   1   1   1
-1 -1 -1 -1  1 -1 -1  1 -1 -1  -1   1   1   1  -1  -1  -1   1   1   1   1  -1  -1   1  -1  -1  -1  -1   1  -1  -1  -1   1  -1   1   1   1  -1
 1 -1 -1  1  1 -1  1  1  1  1  -1  -1  -1   1  -1   1  -1  -1  -1   1  -1  -1   1  -1  -1  -1  -1   1  -1  -1   1  -1  -1   1   1  -1  -1   1
-1 -1 -1 -1 -1  1 -1 -1 -1 -1  -1  -1  -1  -1   1  -1  -1   1   1   1  -1  -1  -1  -1   1  -1   1   1  -1  -1   1   1   1  -1   1   1  -1  -1
-1  1  1  1 -1 -1  1  1 -1 -1   1   1   1   1  -1   1  -1  -1   1   1   1   1   1  -1   1   1   1   1  -1   1  -1  -1   1  -1  -1  -1   1   1
 1  1  1 -1  1 -1  1  1 -1  1  -1  -1  -1  -1   1  -1   1  -1  -1   1   1   1   1   1  -1   1  -1   1   1  -1  -1   1  -1   1   1  -1  -1   1
 1 -1 -1 -1  1  1  1  1 -1  1   1   1   1  -1  -1  -1  -1   1   1   1  -1  -1   1  -1   1  -1   1   1  -1   1  -1  -1   1   1   1   1   1   1
 1 -1 -1  1 -1  1 -1 -1  1  1  -1  -1  -1   1  -1  -1  -1  -1  -1   1   1   1  -1   1   1   1  -1   1  -1   1  -1   1  -1   1   1  -1   1  -1
-1 -1 -1 -1  1  1 -1  1  1 -1   1   1   1  -1   1   1  -1   1  -1  -1  -1  -1   1  -1  -1   1   1   1   1  -1   1   1  -1   1   1   1   1   1
-1  1 -1 -1 -1  1 -1  1 -1  1   1   1  -1   1  -1  -1  -1  -1  -1   1   1  -1   1   1   1  -1  -1  -1  -1   1   1   1  -1  -1  -1   1   1   1
 1 -1  1  1  1  1  1  1 -1 -1  -1  -1   1  -1  -1   1  -1   1   1  -1   1  -1   1   1  -1  -1   1   1  -1   1   1   1  -1   1  -1   1  -1  -1
 1 -1 -1  1 -1  1 -1  1 -1  1  -1  -1  -1   1  -1  -1   1   1   1  -1  -1  -1   1  -1  -1  -1   1  -1   1  -1  -1   1  -1   1   1  -1   1  -1
 1  1  1  1 -1 -1  1 -1  1  1   1  -1  -1  -1  -1   1   1   1   1   1  -1   1   1  -1  -1   1  -1  -1  -1   1  -1  -1   1   1   1   1  -1   1
-1 -1  1  1  1  1 -1  1 -1  1  -1  -1   1  -1   1  -1  -1   1  -1   1   1  -1   1  -1  -1  -1  -1  -1  -1   1   1   1  -1  -1   1  -1   1   1
 1  1 -1  1  1  1  1  1  1 -1  -1   1  -1   1  -1  -1   1  -1   1   1   1   1  -1   1   1  -1   1  -1   1  -1  -1   1  -1  -1  -1  -1   1   1
 1  1  1  1 -1 -1 -1 -1  1  1   1   1   1   1   1  -1   1   1   1   1  -1  -1  -1  -1  -1  -1   1   1   1  -1  -1  -1   1   1   1   1  -1  -1
 1  1 -1 -1  1  1  1 -1 -1 -1  -1  -1   1   1   1  -1  -1  -1  -1   1   1  -1  -1   1   1  -1  -1  -1  -1  -1  -1  -1  -1   1  -1   1  -1  -1
-1  1 -1 -1 -1  1 -1 -1 -1  1   1   1  -1   1  -1  -1   1   1   1  -1  -1   1  -1   1   1  -1  -1  -1  -1   1  -1  -1   1   1   1  -1  -1  -1
 1  1  1 -1  1 -1 -1  1  1  1  -1   1   1   1  -1   1   1  -1  -1   1   1  -1  -1  -1   1   1  -1   1   1  -1   1  -1   1  -1  -1   1   1   1
-1 -1  1  1 -1 -1  1 -1  1  1  -1  -1   1  -1   1   1  -1   1  -1   1  -1   1  -1  -1  -1  -1   1   1   1   1   1   1   1   1  -1   1   1   1
 1 -1  1  1  1  1 -1  1  1 -1  -1   1  -1   1   1  -1  -1   1   1  -1   1   1  -1  -1   1  -1   1   1  -1   1  -1  -1   1  -1   1  -1   1  -1
-1  1  1  1  1  1  1 -1 -1 -1   1  -1  -1  -1   1   1  -1  -1   1   1  -1   1   1   1  -1   1  -1  -1   1   1   1   1   1  -1  -1  -1  -1   1
 1 -1  1  1  1 -1 -1 -1  1 -1   1   1  -1  -1  -1   1   1  -1   1  -1   1  -1  -1  -1  -1  -1   1   1   1  -1   1   1  -1   1   1  -1   1   1
 1  1 -1  1 -1  1  1 -1 -1 -1   1  -1   1   1  -1   1   1  -1  -1  -1   1   1   1   1  -1   1   1  -1  -1  -1  -1   1   1   1  -1  -1  -1  -1
 1 -1 -1 -1  1  1  1  1  1  1   1   1   1  -1  -1  -1  -1   1   1   1  -1  -1   1   1  -1   1  -1  -1   1  -1   1   1  -1  -1  -1  -1  -1  -1
-1 -1  1  1 -1 -1 -1 -1 -1  1  -1   1  -1   1  -1  -1  -1   1  -1   1  -1  -1   1   1   1  -1   1   1   1   1  -1  -1  -1  -1   1  -1  -1   1
 1 -1  1 -1 -1 -1 -1  1  1 -1  -1   1  -1  -1   1  -1   1   1  -1  -1  -1  -1  -1  -1   1   1  -1   1   1  -1  -1   1  -1  -1  -1  -1  -1  -1
-1  1 -1  1 -1 -1 -1 -1  1  1  -1  -1   1  -1  -1   1   1  -1  -1  -1  -1   1  -1   1  -1  -1   1  -1  -1  -1   1  -1  -1   1   1   1   1  -1
 1  1 -1 -1  1 -1 -1 -1 -1 -1   1   1  -1   1   1  -1  -1  -1   1  -1  -1   1  -1   1  -1   1   1   1  -1  -1  -1  -1  -1   1   1  -1   1   1
-1 -1 -1  1 -1  1  1 -1  1 -1  -1  -1  -1   1   1   1  -1  -1   1  -1   1   1  -1  -1   1   1   1  -1  -1   1  -1   1  -1  -1  -1   1  -1   1
 1  1 -1  1 -1 -1  1 -1 -1 -1  -1  -1   1  -1   1  -1   1  -1   1   1  -1   1  -1   1   1   1   1  -1   1   1  -1   1   1   1   1   1   1  -1
 1  1  1 -1 -1  1 -1  1  1  1  -1  -1  -1  -1   1   1  -1   1   1  -1   1   1   1   1  -1   1   1  -1  -1  -1   1  -1  -1   1   1  -1   1  -1
-1  1  1  1  1 -1  1 -1  1 -1  -1  -1  -1   1  -1  -1  -1  -1  -1  -1   1   1  -1  -1  -1  -1   1   1   1   1  -1  -1  -1   1  -1  -1  -1  -1
-1  1  1  1  1  1 -1  1  1 -1   1   1   1   1  -1  -1   1   1  -1  -1   1   1   1  -1   1   1  -1  -1   1   1   1   1   1  -1  -1  -1  -1  -1
-1 -1 -1  1  1  1  1  1 -1 -1   1   1   1   1   1  -1  -1  -1  -1   1   1   1   1  -1  -1  -1   1  -1   1   1  -1   1   1   1  -1   1   1  -1
-1 -1 -1 -1  1 -1 -1 -1  1 -1  -1   1   1   1  -1  -1   1  -1  -1  -1  -1   1   1  -1   1   1   1   1  -1   1  -1  -1   1  -1   1   1   1  -1
 1 -1  1 -1  1 -1  1  1 -1 -1   1   1  -1   1  -1  -1  -1  -1  -1  -1   1  -1   1  -1  -1   1   1  -1   1   1   1  -1  -1  -1   1   1  -1   1
 1 -1  1  1 -1  1  1 -1  1 -1   1   1  -1  -1  -1  -1  -1   1  -1   1   1  -1  -1   1   1   1   1   1   1   1   1   1   1  -1  -1   1   1   1
 1 -1 -1  1 -1 -1 -1  1 -1  1   1  -1  -1  -1   1   1   1   1  -1   1   1  -1  -1  -1   1  -1   1  -1  -1   1  -1   1  -1   1  -1   1  -1  -1
 1  1  1 -1  1  1  1 -1  1  1   1  -1  -1   1  -1   1  -1   1  -1   1   1  -1   1  -1  -1  -1   1  -1   1  -1  -1   1  -1   1  -1   1   1   1
-1 -1 -1 -1  1 -1  1  1  1 -1  -1  -1  -1  -1   1   1  -1   1   1   1   1   1   1  -1   1  -1  -1  -1   1  -1   1   1  -1   1  -1  -1  -1  -1
-1 -1  1 -1  1  1  1  1 -1  1  -1  -1   1   1   1   1  -1  -1  -1  -1  -1   1   1   1   1  -1   1  -1   1   1   1  -1  -1   1   1   1  -1   1
-1 -1 -1 -1  1  1 -1  1 -1 -1   1   1   1  -1   1   1  -1   1  -1  -1  -1  -1   1   1   1  -1  -1  -1  -1   1  -1  -1   1  -1  -1  -1  -1  -1
-1  1 -1 -1  1 -1 -1 -1  1  1   1  -1   1  -1   1  -1  -1  -1  -1   1  -1  -1   1   1   1   1  -1  -1  -1  -1   1   1   1   1   1  -1   1  -1
-1 -1 -1 -1  1  1  1 -1  1 -1   1  -1  -1   1  -1  -1   1  -1   1   1   1  -1   1  -1  -1  -1  -1  -1  -1   1  -1  -1   1  -1  -1  -1  -1   1
-1 -1 -1 -1 -1  1  1 -1  1 -1  -1   1   1   1  -1   1  -1   1   1   1  -1   1   1   1  -1  -1   1   1  -1  -1  -1  -1  -1   1  -1  -1   1  -1
 1 -1 -1 -1  1  1  1 -1  1  1   1   1   1  -1  -1  -1   1  -1  -1  -1   1   1  -1   1  -1   1  -1  -1   1  -1  -1  -1   1   1   1   1   1   1
-1 -1 -1  1  1 -1  1 -1  1 -1  -1   1   1  -1  -1   1   1   1  -1   1   1  -1   1   1  -1   1  -1   1   1   1  -1   1   1   1   1  -1  -1  -1
 1  1 -1  1  1  1  1 -1 -1 -1  -1   1  -1   1  -1  -1  -1   1  -1  -1  -1  -1   1  -1  -1   1  -1   1  -1   1  -1   1  -1  -1  -1  -1   1   1
 1  1  1  1 -1  1 -1  1 -1  1  -1   1   1  -1  -1   1  -1  -1   1   1  -1   1  -1   1  -1   1  -1  -1   1  -1  -1  -1   1   1  -1  -1   1  -1
 1 -1  1  1 -1 -1  1  1 -1 -1  -1   1  -1   1   1   1   1  -1  -1   1   1   1  -1  -1   1  -1  -1  -1   1   1   1   1   1  -1   1  -1  -1   1
 1  1  1 -1  1  1 -1  1  1  1   1   1   1  -1   1  -1   1  -1   1  -1  -1  -1   1  -1  -1   1  -1   1  -1   1   1  -1   1  -1   1  -1  -1   1
 1 -1  1  1 -1 -1 -1 -1 -1 -1  -1  -1   1  -1  -1  -1  -1   1   1  -1  -1   1  -1  -1   1   1   1   1  -1  -1  -1  -1  -1   1  -1   1   1   1
 1  1 -1  1 -1 -1 -1  1 -1 -1  -1   1  -1   1  -1   1  -1   1  -1  -1   1   1  -1   1   1  -1  -1   1  -1  -1   1  -1  -1  -1  -1  -1  -1  -1
-1  1  1 -1  1  1 -1  1  1 -1   1  -1  -1   1   1  -1   1  -1  -1   1  -1   1  -1   1  -1  -1  -1   1   1  -1   1  -1   1   1  -1   1   1   1
 1 -1  1  1 -1 -1 -1  1  1 -1  -1  -1   1  -1  -1  -1   1  -1  -1   1   1  -1   1   1  -1  -1  -1  -1   1   1  -1  -1  -1   1  -1   1   1   1
 1 -1 -1 -1 -1 -1 -1 -1 -1  1   1   1   1  -1  -1   1  -1   1   1   1   1   1  -1   1  -1   1   1   1  -1  -1   1   1   1   1   1   1  -1  -1
-1 -1  1  1  1 -1  1  1 -1  1   1   1  -1  -1   1  -1  -1   1   1  -1  -1   1   1  -1   1   1   1   1  -1   1   1   1  -1  -1  -1   1  -1  -1
 1  1  1  1  1 -1 -1 -1 -1  1  -1  -1  -1   1   1   1  -1  -1   1   1   1   1  -1  -1   1   1   1   1  -1  -1   1   1   1   1  -1  -1  -1  -1
-1  1  1 -1  1  1 -1 -1 -1 -1   1  -1  -1   1   1  -1  -1   1   1  -1   1  -1   1  -1   1   1   1  -1  -1   1   1  -1   1   1  -1   1   1   1
 1  1  1  1 -1  1 -1 -1 -1  1  -1   1   1  -1  -1   1   1   1  -1  -1   1  -1   1   1  -1   1  -1  -1   1  -1   1   1  -1  -1   1   1  -1   1
-1 -1  1 -1 -1  1 -1 -1  1  1   1  -1   1  -1  -1   1  -1  -1   1   1  -1  -1   1   1  -1  -1  -1   1   1  -1   1  -1   1  -1   1   1   1   1
-1 -1 -1  1 -1  1 -1  1 -1 -1  -1   1   1  -1  -1  -1   1   1  -1   1  -1   1  -1   1  -1   1   1  -1  -1   1  -1   1  -1  -1  -1   1  -1  -1
 1 -1 -1 -1 -1  1 -1  1 -1  1  -1   1   1   1   1  -1   1  -1   1   1   1  -1  -1   1   1   1   1   1   1   1  -1  -1  -1  -1   1   1  -1   1
-1 -1  1  1  1  1 -1 -1 -1  1  -1  -1   1  -1   1  -1   1  -1   1  -1  -1   1  -1  -1  -1  -1  -1  -1  -1   1  -1  -1   1   1  -1   1  -1  -1
 1 -1 -1  1  1  1  1  1  1  1   1  -1  -1  -1   1  -1  -1  -1   1  -1   1  -1  -1  -1   1  -1  -1   1   1   1   1  -1  -1   1  -1   1   1   1
 1 -1  1 -1 -1 -1  1  1  1 -1  -1  -1   1   1  -1   1   1   1  -1  -1  -1   1   1  -1   1  -1   1  -1  -1   1  -1   1  -1  -1  -1  -1  -1   1
-1  1  1 -1 -1  1  1 -1  1 -1  -1  -1  -1  -1  -1  -1   1  -1   1  -1  -1  -1  -1  -1  -1   1  -1   1  -1  -1  -1   1   1   1   1  -1   1  -1
 1 -1  1 -1  1 -1 -1  1 -1 -1   1  -1   1  -1   1   1  -1  -1  -1  -1   1   1  -1  -1  -1  -1  -1   1  -1  -1   1  -1  -1  -1   1   1  -1  -1
-1  1  1 -1 -1  1  1  1  1 -1  -1  -1  -1  -1  -1  -1  -1   1  -1   1   1   1   1  -1  -1   1  -1   1  -1  -1   1  -1  -1  -1  -1   1  -1   1
 1  1 -1 -1  1 -1  1  1  1 -1   1  -1   1  -1  -1   1   1   1  -1   1   1   1  -1  -1   1   1   1   1  -1  -1  -1  -1  -1   1   1  -1   1  -1
 1 -1  1  1  1 -1  1 -1  1 -1   1  -1   1   1   1  -1   1  -1   1  -1   1   1   1  -1  -1   1  -1  -1  -1   1   1   1  -1   1   1  -1   1  -1
-1  1  1 -1 -1 -1  1  1 -1 -1   1  -1  -1   1   1   1  -1   1   1  -1  -1   1  -1   1  -1  -1   1  -1  -1  -1  -1   1   1   1  -1   1  -1  -1
-1 -1  1  1  1  1 -1  1  1  1  -1  -1   1  -1   1  -1  -1   1  -1   1   1  -1   1   1   1   1   1   1   1  -1  -1  -1   1   1  -1   1  -1  -1
 1 -1 -1  1 -1  1 -1  1  1  1  -1  -1  -1   1  -1  -1   1   1   1  -1  -1  -1   1   1   1   1  -1   1  -1   1   1  -1   1  -1  -1   1  -1   1
 1 -1  1  1 -1 -1 -1  1 -1 -1  -1  -1   1  -1  -1  -1   1  -1  -1   1   1  -1   1  -1   1   1   1   1  -1  -1   1   1   1  -1   1  -1  -1  -1
 1  1 -1  1 -1  1  1 -1  1 -1   1  -1   1   1  -1   1   1  -1  -1  -1   1   1   1  -1   1  -1  -1   1   1   1   1  -1  -1  -1   1   1   1   1
-1  1  1  1  1  1  1  1 -1 -1   1  -1  -1  -1   1   1   1   1  -1  -1   1  -1  -1   1  -1   1  -1  -1   1   1  -1  -1  -1   1   1   1   1  -1
-1  1  1  1  1 -1  1  1 -1 -1  -1  -1  -1   1  -1  -1   1   1   1   1  -1  -1   1   1   1   1  -1  -1  -1  -1  -1  -1  -1   1  -1  -1  -1  -1
 1  1  1 -1  1  1 -1  1 -1  1   1   1   1  -1   1  -1   1  -1   1  -1  -1  -1   1   1   1  -1   1  -1   1  -1  -1   1  -1   1  -1   1   1  -1
 1 -1 -1  1 -1 -1  1 -1  1  1   1   1   1   1  -1  -1  -1  -1   1  -1  -1  -1  -1   1  -1  -1   1  -1  -1   1  -1   1  -1   1  -1   1  -1   1
 1  1 -1  1 -1  1 -1  1  1 -1   1   1  -1  -1   1  -1  -1   1   1   1  -1   1   1  -1   1   1   1  -1  -1  -1  -1   1   1   1  -1  -1  -1   1
-1  1  1  1 -1 -1 -1 -1 -1 -1   1  -1  -1  -1   1  -1   1   1  -1  -1  -1   1   1  -1   1  -1  -1  -1   1  -1   1   1  -1   1   1   1  -1   1
-1 -1 -1 -1 -1 -1  1 -1 -1 -1   1   1   1  -1   1  -1  -1   1  -1  -1   1   1  -1  -1  -1   1  -1  -1  -1  -1   1   1   1  -1  -1  -1   1   1
 1 -1 -1 -1  1  1 -1  1 -1  1   1  -1  -1   1   1   1  -1   1   1   1  -1   1  -1  -1   1   1  -1  -1   1  -1  -1  -1   1   1   1   1   1  -1
-1  1  1 -1  1  1  1 -1  1 -1   1   1   1  -1  -1   1  -1   1   1  -1   1   1  -1   1  -1   1   1  -1  -1   1  -1   1  -1  -1   1  -1  -1   1
-1 -1  1  1  1  1  1 -1 -1  1  -1   1  -1   1  -1   1   1  -1   1  -1  -1  -1   1  -1  -1   1   1   1   1  -1  -1  -1   1   1  -1   1  -1   1
 1 -1  1 -1 -1  1  1 -1  1 -1   1  -1   1  -1   1  -1  -1  -1  -1  -1  -1  -1   1  -1  -1  -1   1  -1   1  -1   1  -1   1   1  -1  -1  -1  -1
-1 -1 -1  1 -1 -1 -1 -1  1 -1   1   1   1   1   1   1  -1  -1  -1   1  -1  -1  -1  -1  -1  -1  -1   1  -1   1  -1   1  -1  -1   1  -1   1  -1
-1  1 -1 -1 -1 -1  1  1  1  1  -1  -1   1   1  -1  -1  -1  -1   1  -1  -1   1   1  -1   1  -1  -1  -1   1  -1  -1  -1   1   1  -1   1   1   1
-1 -1  1 -1  1  1  1 -1  1  1  -1  -1   1   1   1   1   1   1   1   1   1  -1  -1  -1  -1   1  -1   1  -1  -1   1  -1  -1   1   1   1  -1   1
-1 -1  1 -1 -1 -1  1 -1 -1  1  -1   1  -1  -1  -1   1  -1  -1  -1  -1   1   1   1  -1  -1  -1  -1   1  -1   1  -1   1  -1   1   1   1   1   1
-1 -1 -1  1  1 -1 -1 -1  1 -1  -1  -1  -1   1   1  -1   1   1  -1   1   1   1  -1   1  -1  -1   1  -1  -1  -1  -1   1   1   1   1  -1  -1   1
-1 -1 -1 -1  1 -1 -1  1  1 -1  -1   1   1   1  -1  -1  -1   1   1   1   1  -1  -1  -1   1   1   1   1  -1   1   1   1  -1   1  -1  -1  -1   1
-1 -1  1 -1  1 -1  1 -1 -1  1   1  -1   1  -1  -1  -1   1   1  -1  -1  -1  -1   1   1  -1  -1   1  -1  -1  -1  -1   1   1  -1   1   1  -1  -1
 1  1  1  1 -1  1  1  1 -1  1  -1  -1  -1   1   1  -1  -1  -1   1   1  -1  -1   1   1  -1  -1   1   1  -1   1  -1  -1   1   1  -1  -1   1   1
-1  1 -1 -1  1  1  1  1 -1  1  -1   1  -1  -1   1  -1   1   1  -1   1  -1  -1  -1  -1   1   1  -1  -1   1   1   1   1   1   1  -1   1  -1   1
 1 -1 -1  1 -1  1  1 -1  1  1  -1   1   1  -1   1   1  -1  -1  -1   1   1  -1   1   1   1  -1   1  -1   1  -1  -1   1  -1   1   1  -1   1   1
 1 -1 -1 -1 -1 -1  1  1  1  1   1  -1  -1   1   1  -1   1  -1  -1  -1  -1   1  -1  -1   1   1   1   1  -1  -1   1   1   1   1   1   1  -1   1
-1  1  1  1 -1 -1  1 -1  1 -1   1   1   1   1  -1   1   1   1  -1  -1  -1  -1  -1   1  -1  -1  -1  -1   1  -1  -1  -1   1  -1  -1  -1   1   1
 1 -1  1  1  1  1 -1  1 -1 -1  -1   1  -1   1   1  -1  -1   1   1  -1   1   1  -1   1  -1   1  -1  -1   1  -1   1   1  -1   1  -1   1  -1   1
-1 -1 -1  1 -1 -1  1  1  1 -1   1  -1  -1  -1  -1  -1   1   1   1  -1   1  -1  -1  -1  -1   1   1  -1   1  -1   1  -1   1   1  -1   1  -1  -1
 1 -1  1 -1 -1  1 -1  1 -1 -1   1   1  -1   1  -1   1   1   1   1   1   1  -1   1   1   1  -1   1  -1   1  -1   1  -1   1   1  -1  -1  -1   1
-1  1 -1  1  1 -1  1  1 -1  1   1  -1   1   1   1   1   1  -1   1   1  -1  -1  -1   1   1  -1  -1   1  -1   1   1  -1   1  -1   1   1  -1  -1
-1 -1  1  1 -1 -1 -1 -1  1  1  -1   1  -1   1  -1  -1  -1   1  -1   1  -1  -1   1  -1  -1   1  -1  -1  -1  -1   1   1   1   1  -1   1   1  -1
-1  1  1  1 -1  1 -1 -1 -1 -1  -1  -1  -1   1  -1   1   1   1   1   1   1   1  -1  -1  -1  -1  -1  -1  -1   1   1   1  -1   1  -1  -1   1   1
 1 -1  1 -1  1 -1  1 -1 -1 -1   1   1  -1   1  -1  -1   1   1   1   1  -1   1  -1  -1  -1   1   1  -1   1   1  -1   1   1   1  -1  -1   1  -1
 1  1 -1 -1 -1  1  1  1 -1 -1   1   1  -1   1   1   1  -1  -1   1  -1   1  -1   1  -1   1  -1   1   1  -1   1   1   1  -1   1   1  -1  -1  -1
 1 -1  1  1 -1 -1 -1 -1  1 -1  -1  -1   1  -1  -1  -1  -1   1   1  -1  -1   1  -1   1  -1  -1  -1  -1   1   1   1   1   1  -1   1  -1  -1  -1
-1  1  1 -1  1 -1 -1 -1 -1 -1  -1  -1  -1  -1  -1   1  -1   1  -1   1  -1  -1  -1  -1  -1   1   1  -1   1  -1   1  -1   1   1   1  -1  -1   1
-1  1  1 -1  1 -1 -1  1 -1 -1  -1  -1  -1  -1  -1   1   1  -1   1  -1   1   1   1  -1  -1   1   1  -1   1  -1  -1   1  -1  -1  -1   1   1  -1
-1  1 -1 -1 -1 -1  1 -1 -1  1  -1  -1   1   1  -1  -1   1   1  -1   1   1  -1  -1   1  -1   1   1   1  -1   1  -1  -1   1   1  -1   1   1   1
-1 -1 -1  1 -1 -1 -1  1 -1 -1   1   1   1   1   1   1   1   1   1  -1   1   1   1   1   1   1   1  -1   1  -1  -1   1  -1  -1   1  -1   1  -1
-1  1  1 -1 -1 -1  1 -1 -1 -1   1  -1  -1   1   1   1   1  -1  -1   1   1  -1   1   1  -1  -1   1  -1  -1  -1   1  -1  -1  -1   1  -1   1   1
-1 -1 -1 -1 -1 -1 -1  1 -1 -1   1  -1  -1   1  -1   1   1  -1   1   1  -1   1  -1  -1  -1  -1   1   1   1   1  -1  -1  -1   1   1   1  -1   1
-1  1  1 -1  1  1  1  1 -1 -1   1   1   1  -1  -1   1   1  -1  -1   1  -1  -1   1  -1   1  -1  -1   1   1  -1  -1   1  -1  -1   1  -1  -1   1
 1 -1  1  1  1 -1 -1  1  1 -1   1   1  -1  -1  -1   1  -1   1  -1   1  -1   1   1  -1  -1  -1   1   1   1  -1  -1  -1   1  -1  -1   1  -1  -1
 1 -1 -1  1  1 -1  1 -1 -1  1  -1  -1  -1   1  -1   1   1   1   1  -1   1   1  -1   1   1   1   1  -1   1   1   1  -1  -1   1   1  -1  -1   1
-1  1 -1 -1  1 -1  1 -1  1  1   1   1  -1   1  -1   1  -1  -1  -1   1  -1   1  -1   1   1  -1   1   1   1   1   1   1   1   1   1  -1   1   1
-1 -1  1 -1 -1 -1  1 -1  1  1  -1   1  -1  -1  -1   1  -1  -1  -1  -1   1   1   1   1   1   1   1  -1   1  -1   1  -1   1  -1  -1  -1  -1  -1
-1  1 -1  1 -1  1  1  1 -1  1   1   1  -1  -1  -1   1  -1   1  -1  -1  -1   1   1  -1  -1  -1   1  -1   1   1   1  -1  -1   1  -1  -1  -1   1
 1 -1 -1 -1  1  1 -1 -1  1  1   1  -1  -1   1   1   1   1  -1  -1  -1   1  -1   1   1  -1  -1   1   1  -1   1  -1  -1   1   1   1   1   1  -1
 1 -1  1  1 -1  1  1  1 -1 -1   1   1  -1  -1  -1  -1   1  -1   1  -1  -1   1   1  -1  -1  -1  -1  -1  -1  -1   1   1   1  -1  -1   1   1   1
 1 -1  1  1 -1 -1  1 -1  1 -1  -1   1  -1   1   1   1  -1   1   1  -1  -1  -1   1   1  -1   1   1   1  -1  -1   1   1   1  -1   1  -1  -1   1
 1 -1 -1 -1 -1 -1 -1  1  1  1   1   1   1  -1  -1   1   1  -1  -1  -1  -1  -1   1  -1   1  -1  -1  -1   1   1   1   1   1   1   1   1  -1  -1
-1  1 -1  1  1  1 -1 -1  1  1  -1   1  -1   1   1   1  -1   1   1   1  -1  -1   1  -1   1  -1  -1   1   1  -1   1  -1   1  -1  -1  -1   1   1
 1  1 -1 -1 -1 -1 -1 -1 -1 -1  -1  -1   1   1   1   1   1   1   1  -1   1  -1  -1  -1  -1   1  -1  -1  -1   1  -1  -1   1  -1   1  -1  -1  -1
 1 -1  1 -1  1  1 -1  1 -1 -1  -1  -1   1   1  -1  -1  -1  -1   1   1  -1   1   1  -1   1  -1  -1   1   1   1   1  -1  -1  -1  -1  -1   1  -1
-1 -1  1 -1  1  1  1 -1 -1  1  -1  -1   1   1   1   1   1   1   1   1   1  -1  -1   1   1  -1   1  -1   1   1  -1   1   1  -1  -1  -1   1  -1
 1  1 -1  1 -1 -1  1  1  1 -1  -1  -1   1  -1   1  -1  -1   1  -1  -1   1  -1   1  -1  -1  -1  -1   1  -1  -1  -1   1   1   1   1   1   1  -1
 1  1 -1  1 -1  1 -1  1 -1 -1   1   1  -1  -1   1  -1  -1   1   1   1  -1   1   1   1  -1  -1  -1   1   1   1   1  -1  -1  -1   1   1   1  -1
-1 -1  1 -1  1  1 -1  1 -1  1  -1   1  -1  -1  -1  -1  -1  -1  -1  -1  -1  -1  -1   1   1   1  -1   1  -1  -1   1  -1  -1   1   1   1  -1  -1
-1 -1 -1  1 -1  1  1  1  1 -1  -1  -1  -1   1   1   1   1   1  -1   1  -1  -1   1  -1   1   1   1  -1  -1   1   1  -1   1   1   1  -1   1  -1
-1 -1 -1 -1 -1  1  1  1  1 -1  -1   1   1   1  -1   1   1  -1  -1  -1   1  -1  -1   1  -1  -1   1   1  -1  -1   1   1   1  -1   1   1  -1   1
 1  1 -1 -1  1 -1  1  1 -1 -1   1  -1   1  -1  -1   1   1   1  -1   1   1   1  -1   1  -1  -1  -1  -1   1   1   1   1   1  -1  -1   1  -1   1
-1 -1  1 -1  1 -1 -1  1 -1  1   1   1  -1   1   1   1  -1  -1   1   1   1  -1   1   1  -1   1  -1   1   1   1   1  -1  -1   1  -1  -1   1  -1
-1  1  1  1 -1  1  1  1 -1 -1  -1   1   1  -1   1  -1  -1  -1  -1  -1  -1   1  -1  -1  -1   1   1   1   1  -1  -1  -1   1  -1   1   1  -1   1
 1 -1  1 -1 -1  1  1 -1 -1 -1   1  -1   1  -1   1  -1  -1  -1  -1  -1  -1  -1   1   1   1   1  -1   1  -1   1  -1   1  -1  -1   1   1   1   1
-1  1 -1  1 -1 -1 -1  1 -1  1  -1  -1   1  -1  -1   1  -1   1   1   1   1  -1   1  -1   1   1  -1   1   1   1   1  -1  -1   1   1   1   1  -1
-1  1  1  1 -1  1 -1  1  1 -1  -1  -1  -1   1  -1   1  -1  -1  -1  -1  -1  -1   1   1   1   1   1   1   1  -1   1   1  -1   1  -1  -1   1   1
 1  1 -1  1  1 -1  1 -1  1 -1   1   1  -1  -1   1   1  -1   1   1   1   1  -1  -1   1  -1  -1   1  -1  -1   1   1  -1   1   1  -1  -1   1  -1
-1 -1  1  1  1 -1  1  1  1  1   1   1  -1  -1   1  -1  -1   1   1  -1  -1   1   1   1  -1  -1  -1  -1   1  -1  -1  -1   1   1   1  -1   1   1
 1  1  1  1 -1 -1  1 -1 -1  1   1  -1  -1  -1  -1   1   1   1   1   1  -1   1   1   1   1  -1   1   1   1  -1   1   1  -1  -1  -1  -1   1  -1
 1  1  1 -1  1 -1 -1  1 -1  1  -1   1   1   1  -1   1   1  -1  -1   1   1  -1  -1   1  -1  -1   1  -1  -1   1  -1   1  -1   1   1  -1  -1  -1
 1  1  1  1 -1 -1 -1 -1 -1  1   1   1   1   1   1  -1   1   1   1   1  -1  -1  -1   1   1   1  -1  -1  -1   1   1   1  -1  -1  -1  -1   1   1
 1  1 -1 -1  1  1 -1  1  1 -1  -1   1  -1  -1  -1   1   1   1   1  -1  -1  -1  -1  -1  -1  -1  -1  -1  -1  -1  -1  -1  -1   1  -1   1  -1   1
 1 -1  1 -1 -1  1 -1  1  1 -1   1   1  -1   1  -1   1   1   1   1   1   1  -1   1  -1  -1   1  -1   1  -1   1  -1   1  -1  -1   1   1   1  -1
 1 -1  1 -1 -1  1 -1 -1  1 -1   1   1  -1   1  -1   1  -1  -1  -1  -1  -1   1  -1  -1  -1   1  -1   1  -1   1   1  -1   1   1  -1  -1  -1   1
 1  1  1  1  1  1  1 -1 -1  1   1   1   1   1   1   1  -1  -1  -1  -1  -1  -1  -1  -1  -1  -1  -1  -1  -1  -1   1   1   1   1   1   1   1   1
 1 -1  1 -1  1  1  1 -1  1 -1  -1   1  -1  -1   1   1   1   1  -1  -1   1   1   1   1  -1  -1  -1   1   1   1   1  -1  -1  -1  -1  -1   1   1
 1  1 -1 -1 -1 -1 -1  1 -1 -1  -1  -1   1   1   1   1  -1  -1  -1   1  -1   1   1  -1  -1   1  -1  -1  -1   1   1   1  -1   1  -1   1   1   1
 1  1  1  1  1 -1 -1  1 -1  1  -1  -1  -1   1   1   1   1   1  -1  -1  -1  -1   1  -1   1   1   1   1  -1  -1  -1  -1  -1  -1   1   1   1   1
 1  1 -1  1  1 -1 -1 -1  1 -1   1  -1   1   1  -1  -1  -1   1   1   1   1   1   1   1  -1   1  -1   1   1  -1   1  -1   1   1  -1  -1   1   1
 1  1 -1 -1 -1 -1  1 -1 -1 -1  -1   1  -1  -1  -1  -1   1   1   1  -1   1   1   1  -1  -1  -1   1   1   1  -1  -1  -1   1  -1   1  -1  -1   1
-1 -1 -1 -1 -1  1 -1  1 -1 -1  -1  -1  -1  -1   1  -1   1  -1  -1  -1   1   1   1  -1   1  -1   1   1  -1  -1  -1  -1  -1   1  -1  -1   1   1
-1  1  1 -1  1  1  1  1  1 -1   1   1   1  -1  -1   1   1  -1  -1   1  -1  -1   1   1  -1   1   1  -1  -1   1   1  -1   1   1  -1   1   1  -1
 1 -1 -1  1 -1 -1  1 -1 -1  1   1   1   1   1  -1  -1  -1  -1   1  -1  -1  -1  -1  -1   1   1  -1   1   1  -1   1  -1   1  -1   1  -1   1  -1
 1  1 -1 -1 -1  1 -1 -1  1 -1   1  -1   1  -1  -1  -1   1   1  -1   1  -1  -1   1   1  -1  -1   1   1  -1   1   1   1  -1   1   1  -1  -1   1
-1 -1 -1  1 -1  1 -1  1  1 -1  -1   1   1  -1  -1  -1   1   1  -1   1  -1   1  -1  -1   1  -1  -1   1   1  -1   1  -1   1   1   1  -1   1   1
-1  1 -1 -1  1  1 -1 -1 -1  1  -1  -1   1   1  -1   1  -1  -1   1  -1   1  -1  -1  -1   1  -1   1   1  -1  -1  -1  -1  -1  -1   1  -1   1   1
 1 -1  1  1 -1  1 -1 -1  1 -1   1  -1   1   1   1   1  -1   1  -1   1   1   1   1   1   1  -1  -1  -1  -1  -1   1   1   1  -1  -1   1   1  -1
-1 -1  1 -1  1 -1 -1 -1  1  1   1   1  -1   1   1   1   1   1  -1  -1  -1   1  -1  -1   1  -1   1  -1  -1  -1   1  -1  -1   1  -1  -1   1  -1
-1 -1 -1  1 -1  1 -1 -1  1 -1  -1   1   1  -1  -1  -1  -1  -1   1  -1   1  -1   1  -1   1  -1  -1   1   1  -1  -1   1  -1  -1  -1   1  -1  -1
-1  1  1  1 -1 -1  1  1  1 -1   1   1   1   1  -1   1  -1  -1   1   1   1   1   1   1  -1  -1  -1  -1   1  -1   1   1  -1   1   1   1  -1  -1
-1 -1  1  1  1  1  1  1 -1  1  -1   1  -1   1  -1   1  -1   1  -1   1   1   1  -1  -1  -1   1   1   1   1  -1   1   1  -1  -1   1  -1   1  -1
 1  1 -1 -1  1  1 -1  1 -1 -1  -1   1  -1  -1  -1   1   1   1   1  -1  -1  -1  -1   1   1   1   1   1   1   1   1   1   1  -1   1  -1   1  -1
-1  1 -1 -1 -1 -1  1 -1  1  1  -1  -1   1   1  -1  -1   1   1  -1   1   1  -1  -1  -1   1  -1  -1  -1   1  -1   1   1  -1  -1   1  -1  -1  -1
 1 -1 -1 -1  1 -1  1 -1  1  1  -1   1   1   1   1   1   1  -1   1   1  -1   1   1   1   1   1  -1  -1  -1   1  -1  -1   1   1  -1  -1  -1   1
-1  1  1  1 -1  1  1  1  1 -1  -1   1   1  -1   1  -1  -1  -1  -1  -1  -1   1  -1   1   1  -1  -1  -1  -1   1   1   1  -1   1  -1  -1   1  -1
-1  1  1 -1 -1 -1  1  1  1 -1   1  -1  -1   1   1   1  -1   1   1  -1  -1   1  -1  -1   1   1  -1   1   1   1   1  -1  -1  -1   1  -1   1   1
-1 -1 -1  1  1 -1  1  1  1 -1  -1   1   1  -1  -1   1  -1  -1   1  -1  -1   1  -1   1  -1   1  -1   1   1   1   1  -1  -1  -1  -1   1   1   1
 1 -1  1 -1  1 -1  1  1  1 -1   1   1  -1   1  -1  -1  -1  -1  -1  -1   1  -1   1   1   1  -1  -1   1  -1  -1  -1   1   1   1  -1  -1   1  -1
-1  1 -1  1  1 -1  1 -1  1  1   1  -1   1   1   1   1  -1   1  -1  -1   1   1   1  -1  -1   1   1  -1   1  -1   1  -1   1  -1   1   1  -1  -1
 1  1 -1  1 -1 -1 -1 -1 -1 -1  -1   1  -1   1  -1   1   1  -1   1   1  -1  -1   1   1   1  -1  -1   1  -1  -1  -1   1   1   1   1   1   1   1
-1  1 -1  1  1 -1  1 -1 -1  1   1  -1   1   1   1   1  -1   1  -1  -1   1   1   1   1   1  -1  -1   1  -1   1  -1   1  -1   1  -1  -1   1   1
-1  1 -1  1 -1 -1 -1 -1 -1  1  -1  -1   1  -1  -1   1   1  -1  -1  -1  -1   1  -1  -1   1   1  -1   1   1   1  -1   1   1  -1  -1  -1  -1   1
 1  1 -1 -1  1  1  1  1  1 -1  -1  -1   1   1   1  -1   1   1   1  -1  -1   1   1  -1  -1   1   1   1   1   1  -1  -1  -1   1  -1   1  -1  -1
 1  1 -1 -1  1  1  1  1 -1 -1  -1  -1   1   1   1  -1   1   1   1  -1  -1   1   1   1   1  -1  -1  -1  -1  -1   1   1   1  -1   1  -1   1   1
 1 -1 -1  1 -1  1 -1 -1 -1  1  -1  -1  -1   1  -1  -1  -1  -1  -1   1   1   1  -1  -1  -1  -1   1  -1   1  -1   1  -1   1  -1  -1   1  -1   1
-1  1 -1 -1 -1 -1 -1  1 -1  1  -1   1  -1  -1   1   1  -1  -1   1  -1  -1  -1  -1   1  -1  -1  -1  -1   1  -1   1   1  -1  -1   1  -1  -1   1
 1  1  1  1  1  1 -1  1  1  1   1  -1  -1  -1  -1  -1   1   1   1   1   1  -1  -1   1   1  -1  -1  -1  -1  -1   1   1   1   1   1   1   1  -1
-1 -1 -1  1  1  1  1 -1  1 -1   1   1   1   1   1  -1   1   1   1  -1  -1  -1  -1   1   1   1  -1   1  -1  -1  -1   1   1   1  -1   1   1  -1
-1  1  1 -1 -1 -1  1 -1  1 -1   1  -1  -1   1   1   1   1  -1  -1   1   1  -1   1  -1   1   1  -1   1   1   1  -1   1   1   1  -1   1  -1  -1
 1  1 -1 -1 -1 -1  1  1 -1 -1  -1   1  -1  -1  -1  -1  -1  -1  -1   1  -1  -1  -1  -1  -1  -1   1   1   1  -1   1   1  -1   1  -1   1   1  -1
-1  1 -1  1  1  1  1 -1 -1  1  -1  -1   1  -1  -1  -1  -1   1   1   1  -1   1  -1   1  -1  -1  -1   1   1  -1  -1   1  -1   1   1   1  -1   1
-1  1 -1  1  1  1  1 -1  1  1  -1  -1   1  -1  -1  -1  -1   1   1   1  -1   1  -1  -1   1   1   1  -1  -1   1   1  -1   1  -1  -1  -1   1  -1
 1 -1  1 -1 -1 -1  1 -1 -1 -1  -1  -1   1   1  -1   1  -1  -1   1   1   1  -1  -1   1  -1   1  -1   1   1  -1  -1   1  -1  -1  -1  -1  -1   1
-1  1  1  1 -1  1  1 -1  1 -1  -1   1   1  -1   1  -1   1   1   1   1   1  -1   1   1   1  -1  -1  -1  -1   1  -1  -1   1  -1   1   1  -1   1
-1 -1  1 -1 -1 -1 -1  1 -1  1  -1  -1   1   1   1  -1   1   1   1   1  -1   1   1  -1  -1   1   1  -1   1  -1   1  -1   1  -1  -1  -1  -1   1
-1 -1  1 -1 -1  1 -1  1  1  1   1  -1   1  -1  -1   1   1   1  -1  -1   1   1  -1   1  -1  -1  -1   1   1  -1  -1   1  -1   1  -1  -1  -1  -1
 1  1  1  1 -1 -1  1  1  1  1   1  -1  -1  -1  -1   1  -1  -1  -1  -1   1  -1  -1  -1  -1   1  -1  -1  -1   1   1   1  -1  -1  -1  -1   1  -1
 1 -1  1  1  1  1  1  1  1 -1  -1  -1   1  -1  -1   1  -1   1   1  -1   1  -1   1  -1   1   1  -1  -1   1  -1  -1  -1   1  -1   1  -1   1   1
-1  1 -1  1 -1 -1 -1  1  1  1  -1  -1   1  -1  -1   1  -1   1   1   1   1  -1   1   1  -1  -1   1  -1  -1  -1  -1   1   1  -1  -1  -1  -1   1
 1 -1 -1  1  1 -1 -1 -1 -1  1  -1   1   1  -1   1  -1   1   1   1  -1   1  -1   1   1   1  -1  -1   1  -1  -1   1  -1  -1   1   1  -1  -1  -1
 1 -1 -1 -1 -1  1  1 -1 -1  1  -1  -1  -1  -1  -1   1  -1   1  -1  -1  -1  -1  -1   1   1  -1  -1  -1  -1  -1   1   1   1   1  -1  -1   1   1
 1 -1 -1 -1 -1  1  1  1 -1  1  -1  -1  -1  -1  -1   1   1  -1   1   1   1   1   1   1   1  -1  -1  -1  -1  -1  -1  -1  -1  -1   1   1  -1  -1
 1  1  1 -1  1  1  1  1  1  1   1  -1  -1   1  -1   1   1  -1   1  -1  -1   1  -1  -1  -1  -1   1  -1   1  -1   1  -1   1  -1   1  -1  -1  -1
-1  1 -1  1 -1  1 -1  1  1  1   1  -1   1   1   1  -1  -1   1  -1  -1  -1  -1  -1   1   1  -1   1  -1   1   1  -1   1   1  -1   1   1   1   1
 1 -1  1 -1  1  1  1 -1 -1 -1  -1   1  -1  -1   1   1   1   1  -1  -1   1   1   1  -1   1   1   1  -1  -1  -1  -1   1   1   1   1   1  -1  -1
-1 -1  1  1 -1  1  1  1  1  1   1  -1   1   1  -1  -1   1  -1  -1   1  -1  -1  -1  -1   1  -1   1   1  -1  -1  -1  -1  -1  -1  -1   1   1  -1
 1  1  1 -1  1  1  1 -1 -1  1   1  -1  -1   1  -1   1  -1   1  -1   1   1  -1   1   1   1   1  -1   1  -1   1   1  -1   1  -1   1  -1  -1  -1
 1 -1 -1 -1 -1  1  1 -1  1  1  -1  -1  -1  -1  -1   1  -1   1  -1  -1  -1  -1  -1  -1  -1   1   1   1   1   1  -1  -1  -1  -1   1   1  -1  -1
-1 -1  1 -1  1 -1  1  1  1  1   1  -1   1  -1  -1  -1  -1  -1   1   1   1   1  -1  -1   1   1  -1   1   1   1  -1   1   1  -1   1   1  -1  -1
 1  1 -1 -1  1 -1 -1  1 -1 -1   1   1  -1   1   1  -1   1   1  -1   1   1  -1   1   1  -1   1   1   1  -1  -1   1   1   1  -1  -1   1  -1  -1
-1  1 -1  1 -1  1 -1 -1  1  1   1  -1   1   1   1  -1   1  -1   1   1   1   1   1   1   1  -1   1  -1   1   1   1  -1  -1   1  -1  -1  -1  -1
-1  1  1  1  1 -1 -1 -1  1 -1  -1   1   1  -1   1   1  -1  -1  -1  -1   1  -1   1  -1  -1   1  -1  -1  -1  -1  -1  -1  -1   1  -1  -1  -1   1
 1 -1 -1  1 -1 -1 -1  1  1  1   1  -1  -1  -1   1   1   1   1  -1   1   1  -1  -1   1  -1   1  -1   1   1  -1   1  -1   1  -1   1  -1   1   1
 1  1 -1 -1  1 -1 -1 -1  1 -1   1   1  -1   1   1  -1  -1  -1   1  -1  -1   1  -1  -1   1  -1  -1  -1   1   1   1   1   1  -1  -1   1  -1  -1
-1 -1  1  1  1 -1  1 -1  1  1   1   1  -1  -1   1  -1   1  -1  -1   1   1  -1  -1   1  -1  -1  -1  -1   1  -1   1   1  -1  -1  -1   1  -1  -1
-1  1  1  1 -1  1 -1  1 -1 -1  -1  -1  -1   1  -1   1  -1  -1  -1  -1  -1  -1   1  -1  -1  -1  -1  -1  -1   1  -1  -1   1  -1   1   1  -1  -1
 1  1  1  1 -1  1  1 -1 -1  1  -1  -1  -1   1   1  -1   1   1  -1  -1   1   1  -1   1  -1  -1   1   1  -1   1   1   1  -1  -1   1   1  -1  -1
 1 -1  1  1 -1  1  1  1  1 -1   1   1  -1  -1  -1  -1   1  -1   1  -1  -1   1   1   1   1   1   1   1   1   1  -1  -1  -1   1   1  -1  -1  -1
 1  1  1  1  1 -1  1 -1  1  1  -1   1   1  -1  -1  -1  -1  -1   1   1   1  -1   1   1  -1   1   1   1  -1  -1  -1  -1  -1  -1   1   1   1  -1
-1 -1 -1  1  1  1 -1  1  1 -1   1  -1  -1  -1  -1   1  -1  -1  -1   1   1  -1  -1   1   1  -1   1  -1   1   1   1  -1  -1  -1   1  -1  -1  -1
 1 -1  1  1  1 -1  1  1 -1 -1   1  -1   1   1   1  -1  -1   1  -1   1  -1  -1  -1   1   1  -1   1   1   1  -1   1   1  -1   1   1  -1   1  -1
-1 -1  1  1  1 -1 -1 -1  1  1   1  -1   1   1  -1   1   1  -1  -1   1   1   1   1   1  -1   1   1   1  -1   1   1   1  -1  -1  -1   1  -1   1
-1  1  1  1 -1 -1  1 -1 -1 -1   1   1   1   1  -1   1   1   1  -1  -1  -1  -1  -1  -1   1   1   1   1  -1   1   1   1  -1   1   1   1  -1  -1
 1 -1 -1 -1 -1  1 -1 -1  1  1  -1   1   1   1   1  -1  -1   1  -1  -1  -1   1   1  -1  -1  -1  -1  -1  -1  -1  -1  -1  -1  -1   1   1  -1   1
 1 -1  1  1  1 -1  1 -1 -1 -1   1  -1   1   1   1  -1   1  -1   1  -1   1   1   1   1   1  -1   1   1   1  -1  -1  -1   1  -1  -1   1  -1   1
 1 -1  1 -1  1  1  1  1 -1 -1  -1   1  -1  -1   1   1  -1  -1   1   1  -1  -1  -1  -1   1   1   1  -1  -1  -1   1  -1  -1  -1  -1  -1   1   1
 1 -1 -1  1  1  1 -1 -1 -1  1   1   1   1   1  -1   1   1   1  -1   1  -1  -1  -1   1  -1  -1  -1   1   1   1   1  -1  -1   1  -1   1   1  -1
-1  1 -1  1  1 -1 -1 -1 -1  1   1   1  -1  -1  -1  -1  -1   1  -1  -1   1  -1  -1   1   1   1   1  -1   1  -1  -1   1  -1   1  -1  -1   1  -1
-1 -1 -1 -1  1 -1 -1 -1 -1 -1  -1   1   1   1  -1  -1   1  -1  -1  -1  -1   1   1   1  -1  -1  -1  -1   1  -1   1   1  -1   1  -1  -1  -1   1
-1  1  1 -1 -1 -1 -1 -1  1 -1   1   1   1  -1  -1  -1   1  -1  -1   1   1   1  -1  -1   1  -1   1  -1  -1  -1  -1   1   1   1  -1   1  -1   1
-1  1  1  1  1 -1 -1 -1 -1 -1  -1   1   1  -1   1   1  -1  -1  -1  -1   1  -1   1   1   1  -1   1   1   1   1   1   1   1  -1   1   1   1  -1
-1  1 -1 -1  1 -1  1  1  1  1   1   1  -1   1  -1   1   1   1   1  -1   1  -1   1   1   1  -1   1   1   1   1  -1  -1  -1  -1  -1   1  -1  -1
 1  1 -1 -1 -1  1 -1  1  1 -1   1  -1   1  -1  -1  -1  -1  -1   1  -1   1   1  -1   1  -1  -1   1   1  -1   1  -1  -1   1  -1  -1   1   1  -1
 1  1  1  1  1 -1  1 -1 -1  1  -1   1   1  -1  -1  -1  -1  -1   1   1   1  -1   1  -1   1  -1  -1  -1   1   1   1   1   1   1  -1  -1  -1   1
-1  1 -1  1 -1 -1  1  1 -1  1  -1   1  -1   1   1  -1  -1   1   1   1   1   1  -1  -1   1  -1   1  -1  -1  -1   1  -1  -1   1   1   1   1   1
 1  1 -1  1 -1 -1  1  1 -1 -1  -1  -1   1  -1   1  -1  -1   1  -1  -1   1  -1   1   1   1   1   1  -1   1   1   1  -1  -1  -1  -1  -1  -1   1
 1 -1 -1 -1  1  1 -1  1  1  1   1  -1  -1   1   1   1  -1   1   1   1  -1   1  -1   1  -1  -1   1   1  -1   1   1   1  -1  -1  -1  -1  -1   1
-1  1  1  1 -1  1  1 -1 -1 -1  -1   1   1  -1   1  -1   1   1   1   1   1  -1   1  -1  -1   1   1   1   1  -1   1   1  -1   1  -1  -1   1  -1
 1  1 -1 -1 -1  1 -1  1 -1 -1   1  -1   1  -1  -1  -1  -1  -1   1  -1   1   1  -1  -1   1   1  -1  -1   1  -1   1   1  -1   1   1  -1  -1   1
-1  1 -1 -1  1 -1 -1  1  1  1   1  -1   1  -1   1  -1   1   1   1  -1   1   1  -1   1   1   1  -1  -1  -1  -1  -1  -1  -1  -1  -1   1  -1   1
 1  1  1 -1 -1 -1 -1  1 -1  1   1  -1  -1   1  -1  -1  -1   1  -1   1  -1   1  -1  -1  -1  -1  -1   1  -1  -1  -1   1   1  -1   1  -1   1   1
 1 -1  1 -1  1  1  1  1  1 -1  -1   1  -1  -1   1   1  -1  -1   1   1  -1  -1  -1   1  -1  -1  -1   1   1   1  -1   1   1   1   1   1  -1  -1
-1 -1  1 -1 -1  1  1  1  1  1   1   1  -1   1   1  -1   1   1  -1  -1   1  -1   1   1  -1   1   1  -1  -1   1  -1   1  -1   1  -1  -1  -1   1
 1 -1  1  1  1  1  1 -1 -1 -1  -1  -1   1  -1  -1   1   1  -1  -1   1  -1   1  -1   1  -1  -1   1   1  -1   1  -1  -1   1  -1   1  -1   1   1
-1  1 -1 -1  1 -1  1 -1 -1  1   1   1  -1   1  -1   1  -1  -1  -1   1  -1   1  -1  -1  -1   1  -1  -1  -1  -1  -1  -1  -1  -1  -1   1  -1  -1
 1 -1 -1  1 -1 -1 -1 -1  1  1   1  -1  -1  -1   1   1  -1  -1   1  -1  -1   1   1   1  -1   1  -1   1   1  -1  -1   1  -1   1  -1   1  -1  -1
-1  1  1  1  1 -1 -1  1 -1 -1  -1   1   1  -1   1   1   1   1   1   1  -1   1  -1   1   1  -1   1   1   1   1  -1  -1  -1   1  -1  -1  -1   1
-1  1 -1  1  1 -1  1  1  1  1   1  -1   1   1   1   1   1  -1   1   1  -1  -1  -1  -1  -1   1   1  -1   1  -1  -1   1  -1   1  -1  -1   1   1
 1  1  1  1  1 -1 -1 -1  1  1  -1  -1  -1   1   1   1  -1  -1   1   1   1   1  -1   1  -1  -1  -1  -1   1   1  -1  -1  -1  -1   1   1   1   1
-1 -1  1  1  1 -1 -1  1 -1  1   1  -1   1   1  -1   1  -1   1   1  -1  -1  -1  -1  -1   1  -1  -1  -1   1  -1   1   1  -1  -1  -1   1  -1   1
-1 -1 -1  1  1  1 -1 -1 -1 -1   1  -1  -1  -1  -1   1   1   1   1  -1  -1   1   1  -1  -1   1  -1   1  -1  -1   1  -1  -1  -1   1  -1  -1  -1
-1 -1 -1  1 -1 -1 -1 -1 -1 -1   1   1   1   1   1   1  -1  -1  -1   1  -1  -1  -1   1   1   1   1  -1   1  -1   1  -1   1   1  -1   1  -1   1
 1  1  1  1  1 -1  1  1 -1  1  -1   1   1  -1  -1  -1   1   1  -1  -1  -1   1  -1  -1   1  -1  -1  -1   1   1  -1  -1  -1  -1   1   1   1  -1
 1 -1  1  1  1 -1 -1 -1 -1 -1   1   1  -1  -1  -1   1   1  -1   1  -1   1  -1  -1   1   1   1  -1  -1  -1   1  -1  -1   1  -1  -1   1  -1  -1
-1  1 -1  1 -1  1 -1  1 -1  1   1  -1   1   1   1  -1  -1   1  -1  -1  -1  -1  -1  -1  -1   1  -1   1  -1  -1   1  -1  -1   1  -1  -1  -1  -1
 1  1 -1 -1  1  1 -1 -1  1 -1  -1   1  -1  -1  -1   1  -1  -1  -1   1   1   1   1  -1  -1  -1  -1  -1  -1  -1   1   1   1  -1   1  -1   1  -1
-1 -1 -1  1  1 -1  1 -1 -1 -1  -1   1   1  -1  -1   1   1   1  -1   1   1  -1   1  -1   1  -1   1  -1  -1  -1   1  -1  -1  -1  -1   1   1   1
-1  1 -1  1  1  1 -1 -1 -1  1  -1   1  -1   1   1   1  -1   1   1   1  -1  -1   1   1  -1   1   1  -1  -1   1  -1   1  -1   1   1   1  -1  -1
 1  1 -1  1 -1  1 -1 -1 -1 -1   1   1  -1  -1   1  -1   1  -1  -1  -1   1  -1  -1   1  -1  -1  -1   1   1   1  -1   1   1   1  -1  -1  -1   1
 1  1 -1  1  1  1  1 -1  1 -1  -1   1  -1   1  -1  -1  -1   1  -1  -1  -1  -1   1   1   1  -1   1  -1   1  -1   1  -1   1   1   1   1  -1  -1
 1 -1  1  1  1  1 -1 -1  1 -1  -1   1  -1   1   1  -1   1  -1  -1   1  -1  -1   1  -1   1  -1   1   1  -1   1   1   1  -1   1  -1   1  -1   1
-1  1 -1 -1 -1 -1 -1  1  1  1  -1   1  -1  -1   1   1  -1  -1   1  -1  -1  -1  -1  -1   1   1   1   1  -1   1  -1  -1   1   1  -1   1   1  -1
-1 -1  1  1 -1  1  1  1 -1  1   1  -1   1   1  -1  -1   1  -1  -1   1  -1  -1  -1   1  -1   1  -1  -1   1   1   1   1   1   1   1  -1  -1   1
 1 -1  1 -1 -1 -1 -1  1 -1 -1  -1   1  -1  -1   1  -1   1   1  -1  -1  -1  -1  -1   1  -1  -1   1  -1  -1   1   1  -1   1   1   1   1   1   1
 1  1  1  1 -1 -1  1  1 -1  1   1  -1  -1  -1  -1   1  -1  -1  -1  -1   1  -1  -1   1   1  -1   1   1   1  -1  -1  -1   1   1   1   1  -1   1
 1 -1 -1  1  1 -1 -1  1  1  1  -1   1   1  -1   1  -1  -1  -1  -1   1  -1   1  -1  -1  -1   1   1  -1   1   1   1  -1  -1   1   1  -1  -1  -1
-1 -1  1 -1  1 -1 -1  1  1  1   1   1  -1   1   1   1  -1  -1   1   1   1  -1   1  -1   1  -1   1  -1  -1  -1  -1   1   1  -1   1   1  -1   1
-1  1  1  1  1 -1 -1  1  1 -1  -1   1   1  -1   1   1   1   1   1   1  -1   1  -1  -1  -1   1  -1  -1  -1  -1   1   1   1  -1   1   1   1  -1
 1 -1  1  1  1  1  1 -1  1 -1  -1  -1   1  -1  -1   1   1  -1  -1   1  -1   1  -1  -1   1   1  -1  -1   1  -1   1   1  -1   1  -1   1  -1  -1
-1 -1  1 -1 -1 -1 -1 -1  1  1  -1  -1   1   1   1  -1  -1  -1  -1  -1   1  -1  -1   1   1  -1  -1   1  -1   1   1  -1   1  -1  -1  -1  -1   1
 1 -1 -1  1 -1 -1  1  1  1  1   1   1   1   1  -1  -1   1   1  -1   1   1   1   1   1  -1  -1   1  -1  -1   1   1  -1   1  -1   1  -1   1  -1
-1 -1 -1 -1 -1 -1 -1  1  1 -1   1  -1  -1   1  -1   1   1  -1   1   1  -1   1  -1   1   1   1  -1  -1  -1  -1   1   1   1  -1  -1  -1   1  -1
-1  1 -1 -1  1  1  1 -1  1  1  -1   1  -1  -1   1  -1  -1  -1   1  -1   1   1   1   1  -1  -1   1   1  -1  -1   1   1   1   1  -1   1  -1   1
 1 -1 -1 -1  1 -1 -1 -1  1  1  -1  -1  -1  -1  -1  -1   1  -1   1   1  -1  -1  -1   1   1  -1   1   1   1  -1  -1  -1   1   1  -1  -1  -1  -1
-1  1  1 -1 -1  1 -1 -1 -1 -1  -1   1   1   1   1   1   1  -1   1  -1  -1   1   1   1   1   1  -1   1  -1  -1   1  -1  -1  -1  -1   1  -1  -1
-1  1 -1 -1  1  1 -1  1 -1  1  -1  -1   1   1  -1   1   1   1  -1   1  -1   1   1  -1   1  -1   1   1  -1  -1   1   1   1   1  -1   1  -1  -1
-1  1 -1  1 -1  1  1  1  1  1   1   1  -1  -1  -1   1  -1   1  -1  -1  -1   1   1   1   1   1  -1   1  -1  -1  -1   1   1  -1   1   1   1  -1
 1  1  1 -1  1 -1 -1 -1 -1  1  -1   1   1   1  -1   1  -1   1   1  -1  -1   1   1   1  -1  -1   1  -1  -1   1   1  -1   1  -1  -1   1   1   1
-1  1 -1  1  1  1 -1  1  1  1  -1   1  -1   1   1   1   1  -1  -1  -1   1   1  -1  -1   1  -1  -1   1   1  -1  -1   1  -1   1   1   1  -1  -1
 1 -1 -1 -1  1 -1 -1 -1 -1  1  -1  -1  -1  -1  -1  -1   1  -1   1   1  -1  -1  -1  -1  -1   1  -1  -1  -1   1   1   1  -1  -1   1   1   1   1
-1 -1 -1  1  1  1  1 -1 -1 -1   1   1   1   1   1  -1   1   1   1  -1  -1  -1  -1  -1  -1  -1   1  -1   1   1   1  -1  -1  -1   1  -1  -1   1
-1  1 -1 -1 -1  1  1 -1 -1  1   1  -1   1  -1   1   1   1   1   1  -1  -1  -1   1   1   1   1   1   1   1  -1  -1  -1   1   1   1  -1  -1   1
 1  1 -1 -1  1 -1  1 -1  1 -1   1  -1   1  -1  -1   1  -1  -1   1  -1  -1  -1   1  -1   1   1   1   1  -1  -1   1   1   1  -1  -1   1  -1   1
-1  1  1 -1  1  1 -1 -1  1 -1   1  -1  -1   1   1  -1  -1   1   1  -1   1  -1   1   1  -1  -1  -1   1   1  -1  -1   1  -1  -1   1  -1  -1  -1
 1 -1  1 -1 -1  1  1  1 -1 -1   1  -1   1  -1   1  -1   1   1   1   1   1   1  -1   1   1   1  -1   1  -1   1   1  -1   1   1  -1  -1  -1  -1
-1  1  1 -1 -1 -1 -1  1  1 -1   1   1   1  -1  -1  -1  -1   1   1  -1  -1  -1   1  -1   1  -1   1  -1  -1  -1   1  -1  -1  -1   1  -1   1  -1
-1 -1 -1 -1  1  1  1  1  1 -1   1  -1  -1   1  -1  -1  -1   1  -1  -1  -1   1  -1  -1  -1  -1  -1  -1  -1   1   1   1  -1   1   1   1   1  -1
 1 -1 -1 -1  1 -1 -1  1 -1  1  -1  -1  -1  -1  -1  -1  -1   1  -1  -1   1   1   1  -1  -1   1  -1  -1  -1   1  -1  -1   1   1  -1  -1  -1  -1
 1 -1 -1  1  1 -1 -1 -1  1  1  -1   1   1  -1   1  -1   1   1   1  -1   1  -1   1  -1  -1   1   1  -1   1   1  -1   1   1  -1  -1   1   1   1
 1  1  1 -1  1  1  1  1 -1  1   1  -1  -1   1  -1   1   1  -1   1  -1  -1   1  -1   1   1   1  -1   1  -1   1  -1   1  -1   1  -1   1   1   1
 1  1  1 -1  1  1 -1 -1 -1  1   1   1   1  -1   1  -1  -1   1  -1   1   1   1  -1   1   1  -1   1  -1   1  -1   1  -1   1  -1   1  -1  -1   1
-1 -1  1  1 -1  1 -1 -1 -1  1   1   1  -1  -1   1   1  -1   1   1  -1   1  -1  -1   1  -1  -1   1   1  -1  -1  -1  -1  -1  -1  -1   1   1   1
 1  1  1 -1 -1  1  1  1 -1  1  -1   1   1   1  -1  -1  -1   1   1  -1   1  -1  -1  -1   1   1   1  -1  -1  -1  -1   1   1  -1  -1   1  -1  -1
 1 -1  1  1 -1 -1  1  1  1 -1  -1   1  -1   1   1   1   1  -1  -1   1   1   1  -1   1  -1   1   1   1  -1  -1  -1  -1  -1   1  -1   1   1  -1
-1 -1  1 -1 -1 -1  1  1  1  1  -1   1  -1  -1  -1   1   1   1   1   1  -1  -1  -1   1   1   1   1  -1   1  -1  -1   1  -1   1   1   1   1   1
-1 -1  1 -1  1  1 -1 -1 -1  1  -1   1  -1  -1  -1  -1   1   1   1   1   1   1   1   1   1   1  -1   1  -1  -1  -1   1   1  -1  -1  -1   1   1
-1 -1 -1 -1 -1  1  1  1 -1 -1  -1   1   1   1  -1   1   1  -1  -1  -1   1  -1  -1  -1   1   1  -1  -1   1   1  -1  -1  -1   1  -1  -1   1  -1
 1 -1  1 -1  1  1 -1  1  1 -1  -1  -1   1   1  -1  -1  -1  -1   1   1  -1   1   1   1  -1   1   1  -1  -1  -1  -1   1   1   1   1   1  -1   1
 1 -1 -1 -1  1 -1  1  1 -1  1  -1   1   1   1   1   1  -1   1  -1  -1   1  -1  -1  -1  -1  -1   1   1   1  -1  -1  -1   1   1  -1  -1  -1   1
 1  1 -1 -1 -1  1 -1 -1 -1 -1   1  -1   1  -1  -1  -1   1   1  -1   1  -1  -1   1  -1   1   1  -1  -1   1  -1  -1  -1   1  -1  -1   1   1  -1
 1 -1  1 -1 -1 -1  1  1 -1 -1  -1  -1   1   1  -1   1   1   1  -1  -1  -1   1   1   1  -1   1  -1   1   1  -1   1  -1   1   1   1   1   1  -1
-1 -1 -1 -1 -1 -1  1  1 -1 -1   1   1   1  -1   1  -1   1  -1   1   1  -1  -1   1  -1  -1   1  -1  -1  -1  -1  -1  -1  -1   1   1   1  -1  -1
-1 -1  1  1  1  1 -1 -1  1  1  -1  -1   1  -1   1  -1   1  -1   1  -1  -1   1  -1   1   1   1   1   1   1  -1   1   1  -1  -1   1  -1   1   1
 1  1 -1  1 -1 -1 -1 -1  1 -1  -1   1  -1   1  -1   1   1  -1   1   1  -1  -1   1  -1  -1   1   1  -1   1   1   1  -1  -1  -1  -1  -1  -1  -1
 1  1  1  1 -1  1  1 -1  1  1  -1  -1  -1   1   1  -1   1   1  -1  -1   1   1  -1  -1   1   1  -1  -1   1  -1  -1  -1   1   1  -1  -1   1   1
-1  1  1  1  1  1 -1  1 -1 -1   1   1   1   1  -1  -1   1   1  -1  -1   1   1   1   1  -1  -1   1   1  -1  -1  -1  -1  -1   1   1   1   1   1
 1 -1  1 -1 -1  1  1  1  1 -1   1  -1   1  -1   1  -1   1   1   1   1   1   1  -1  -1  -1  -1   1  -1   1  -1  -1   1  -1  -1   1   1   1   1
-1  1 -1  1 -1 -1  1 -1  1  1  -1   1  -1   1   1  -1   1  -1  -1  -1  -1  -1   1   1  -1   1  -1   1   1   1   1  -1  -1   1   1   1   1   1
-1  1  1 -1 -1  1  1  1 -1 -1  -1  -1  -1  -1  -1  -1  -1   1  -1   1   1   1   1   1   1  -1   1  -1   1   1  -1   1   1   1   1  -1   1  -1
-1 -1  1 -1  1  1 -1  1  1  1  -1   1  -1  -1  -1  -1  -1  -1  -1  -1  -1  -1  -1  -1  -1  -1   1  -1   1   1  -1   1   1  -1  -1  -1   1   1
-1 -1 -1 -1 -1  1  1 -1 -1 -1  -1   1   1   1  -1   1  -1   1   1   1  -1   1   1  -1   1   1  -1  -1   1   1   1   1   1  -1   1   1  -1   1
 1  1  1  1  1  1 -1  1 -1  1   1  -1  -1  -1  -1  -1   1   1   1   1   1  -1  -1  -1  -1   1   1   1   1   1  -1  -1  -1  -1  -1  -1  -1   1
 1 -1  1  1  1  1 -1 -1 -1 -1  -1   1  -1   1   1  -1   1  -1  -1   1  -1  -1   1   1  -1   1  -1  -1   1  -1  -1  -1   1  -1   1  -1   1  -1
 1  1  1  1 -1  1  1  1  1  1  -1  -1  -1   1   1  -1  -1  -1   1   1  -1  -1   1  -1   1   1  -1  -1   1  -1   1   1  -1  -1   1   1  -1  -1
 1  1  1 -1  1  1 -1 -1  1  1   1   1   1  -1   1  -1  -1   1  -1   1   1   1  -1  -1  -1   1  -1   1  -1   1  -1   1  -1   1  -1   1   1  -1
 1 -1 -1  1  1  1  1 -1 -1  1   1  -1  -1  -1   1  -1   1   1  -1   1  -1   1   1   1  -1   1   1  -1  -1  -1   1  -1  -1   1  -1   1   1   1
 1 -1 -1  1 -1  1  1 -1 -1  1  -1   1   1  -1   1   1  -1  -1  -1   1   1  -1   1  -1  -1   1  -1   1  -1   1   1  -1   1  -1  -1   1  -1  -1
 1 -1 -1  1  1  1 -1  1  1  1   1   1   1   1  -1   1  -1  -1   1  -1   1   1   1  -1   1   1   1  -1  -1  -1   1  -1  -1   1  -1   1   1  -1
-1  1  1  1  1 -1  1  1  1 -1  -1  -1  -1   1  -1  -1   1   1   1   1  -1  -1   1  -1  -1  -1   1   1   1   1   1   1   1  -1   1   1   1   1
-1 -1  1  1  1 -1 -1 -1 -1  1   1  -1   1   1  -1   1   1  -1  -1   1   1   1   1  -1   1  -1  -1  -1   1  -1  -1  -1   1   1   1  -1   1  -1
-1 -1  1 -1 -1  1  1 -1  1  1   1   1  -1   1   1  -1  -1  -1   1   1  -1   1  -1   1  -1   1   1  -1  -1   1   1  -1   1  -1   1   1   1  -1
 1  1 -1  1 -1  1  1  1 -1 -1   1  -1   1   1  -1   1  -1   1   1   1  -1  -1  -1   1  -1   1   1  -1  -1  -1   1  -1  -1  -1   1   1   1   1
 1  1 -1  1  1  1  1  1 -1 -1  -1   1  -1   1  -1  -1   1  -1   1   1   1   1  -1  -1  -1   1  -1   1  -1   1   1  -1   1   1   1   1  -1  -1
 1 -1 -1 -1 -1 -1  1  1 -1  1   1  -1  -1   1   1  -1   1  -1  -1  -1  -1   1  -1   1  -1  -1  -1  -1   1   1  -1  -1  -1  -1  -1  -1   1  -1
-1  1 -1 -1 -1  1  1  1  1  1   1  -1   1  -1   1   1  -1  -1  -1   1   1   1  -1  -1  -1  -1  -1  -1  -1   1  -1  -1   1   1   1  -1  -1   1
-1 -1 -1  1  1 -1 -1  1  1 -1  -1  -1  -1   1   1  -1  -1  -1   1  -1  -1  -1   1   1  -1  -1   1  -1  -1  -1   1  -1  -1  -1  -1   1   1  -1
-1 -1  1 -1 -1 -1 -1 -1 -1  1  -1  -1   1   1   1  -1  -1  -1  -1  -1   1  -1  -1  -1  -1   1   1  -1   1  -1  -1   1  -1   1   1   1   1  -1
 1  1  1 -1 -1 -1 -1 -1  1  1   1  -1  -1   1  -1  -1   1  -1   1  -1   1  -1   1   1   1   1   1  -1   1   1  -1   1   1  -1   1  -1   1   1
 1 -1 -1 -1  1  1  1 -1 -1  1   1   1   1  -1  -1  -1   1  -1  -1  -1   1   1  -1  -1   1  -1   1   1  -1   1   1   1  -1  -1  -1  -1  -1  -1
 1  1  1  1  1  1  1 -1  1  1   1   1   1   1   1   1  -1  -1  -1  -1  -1  -1  -1   1   1   1   1   1   1   1  -1  -1  -1  -1  -1  -1  -1  -1
 1  1  1  1  1  1  1  1  1  1   1   1   1   1   1   1   1   1   1   1   1   1   1   1   1   1   1   1   1   1   1   1   1   1   1   1   1   1
-1  1 -1  1 -1  1  1 -1 -1  1   1   1  -1  -1  -1   1   1  -1   1   1   1  -1  -1  -1  -1  -1   1  -1   1   1  -1   1   1  -1   1   1   1  -1
-1 -1 -1  1 -1 -1  1 -1  1 -1   1  -1  -1  -1  -1  -1  -1  -1  -1   1  -1   1   1  -1  -1   1   1  -1   1  -1  -1   1  -1  -1   1  -1   1   1
-1 -1 -1 -1 -1  1 -1  1  1 -1  -1  -1  -1  -1   1  -1   1  -1  -1  -1   1   1   1   1  -1   1  -1  -1   1   1   1   1   1  -1   1   1  -1  -1
-1  1 -1 -1  1  1  1  1  1  1  -1   1  -1  -1   1  -1   1   1  -1   1  -1  -1  -1   1  -1  -1   1   1  -1  -1  -1  -1  -1  -1   1  -1   1  -1
 1 -1  1 -1  1 -1 -1  1  1 -1   1  -1   1  -1   1   1  -1  -1  -1  -1   1   1  -1   1   1   1   1  -1   1   1  -1   1   1   1  -1  -1   1   1
 1  1  1 -1 -1 -1  1  1  1  1   1   1   1  -1   1   1  -1   1  -1   1  -1  -1   1   1   1  -1  -1   1  -1  -1   1  -1  -1   1  -1   1  -1   1
 1  1 -1 -1 -1  1  1 -1  1 -1   1   1  -1   1   1   1   1   1  -1   1  -1   1  -1   1  -1   1  -1  -1   1  -1   1   1  -1   1   1  -1  -1  -1
 1 -1 -1 -1 -1 -1 -1 -1  1  1   1   1   1  -1  -1   1  -1   1   1   1   1   1  -1  -1   1  -1  -1  -1   1   1  -1  -1  -1  -1  -1  -1   1   1
-1  1  1 -1  1  1 -1  1 -1 -1   1  -1  -1   1   1  -1   1  -1  -1   1  -1   1  -1  -1   1   1   1  -1  -1   1  -1   1  -1  -1   1  -1  -1  -1
-1  1 -1  1  1  1  1  1 -1  1  -1  -1   1  -1  -1  -1   1  -1  -1  -1   1  -1   1   1  -1  -1  -1   1   1  -1   1  -1   1  -1  -1  -1   1  -1
-1 -1  1  1 -1  1  1 -1  1  1   1  -1   1   1  -1  -1  -1   1   1  -1   1   1   1  -1   1  -1   1   1  -1  -1   1   1   1   1   1  -1  -1   1
-1 -1  1 -1  1 -1  1  1 -1  1   1  -1   1  -1  -1  -1  -1  -1   1   1   1   1  -1   1  -1  -1   1  -1  -1  -1   1  -1  -1   1  -1  -1   1   1
 1  1 -1  1 -1 -1  1 -1  1 -1  -1  -1   1  -1   1  -1   1  -1   1   1  -1   1  -1  -1  -1  -1  -1   1  -1  -1   1  -1  -1  -1  -1  -1  -1   1
-1 -1  1 -1 -1  1  1 -1 -1  1   1   1  -1   1   1  -1  -1  -1   1   1  -1   1  -1  -1   1  -1  -1   1   1  -1  -1   1  -1   1  -1  -1  -1   1
-1 -1 -1 -1  1  1  1 -1 -1 -1   1  -1  -1   1  -1  -1   1  -1   1   1   1  -1   1   1   1   1   1   1   1  -1   1   1  -1   1   1   1   1  -1
-1 -1 -1 -1 -1  1 -1 -1  1 -1  -1  -1  -1  -1   1  -1  -1   1   1   1  -1  -1  -1   1  -1   1  -1  -1   1   1  -1  -1  -1   1  -1  -1   1   1
-1 -1  1  1 -1  1  1 -1 -1  1   1  -1   1   1  -1  -1  -1   1   1  -1   1   1   1   1  -1   1  -1  -1   1   1  -1  -1  -1  -1  -1   1   1  -1
-1  1 -1  1  1 -1 -1 -1  1  1   1   1  -1  -1  -1  -1  -1   1  -1  -1   1  -1  -1  -1  -1  -1  -1   1  -1   1   1  -1   1  -1   1   1  -1   1
-1  1  1 -1  1 -1  1  1 -1 -1  -1   1   1   1   1  -1   1  -1   1  -1   1  -1  -1  -1  -1  -1  -1   1  -1   1  -1   1  -1  -1  -1   1   1   1
 1  1  1  1  1  1  1  1 -1  1   1   1   1   1   1   1   1   1   1   1   1   1   1  -1  -1  -1  -1  -1  -1  -1  -1  -1  -1  -1  -1  -1  -1  -1
-1  1 -1  1 -1 -1  1 -1 -1  1  -1   1  -1   1   1  -1   1  -1  -1  -1  -1  -1   1  -1   1  -1   1  -1  -1  -1  -1   1   1  -1  -1  -1  -1  -1
-1  1 -1 -1 -1 -1 -1 -1  1  1  -1   1  -1  -1   1   1   1   1  -1   1   1   1   1  -1   1   1   1   1  -1   1   1   1  -1  -1   1  -1  -1   1
-1 -1  1  1 -1  1 -1  1  1  1   1   1  -1  -1   1   1   1  -1  -1   1  -1   1   1  -1   1   1  -1  -1   1   1  -1  -1  -1  -1  -1   1   1   1
 1 -1  1 -1 -1  1 -1 -1 -1 -1   1   1  -1   1  -1   1  -1  -1  -1  -1  -1   1  -1   1   1  -1   1  -1   1  -1  -1   1  -1  -1   1   1   1  -1
-1 -1 -1  1 -1 -1 -1  1  1 -1   1   1   1   1   1   1   1   1   1  -1   1   1   1  -1  -1  -1  -1   1  -1   1   1  -1   1   1  -1   1  -1   1
 1  1 -1  1  1 -1  1  1 -1 -1   1   1  -1  -1   1   1   1  -1  -1  -1  -1   1   1  -1   1   1  -1   1   1  -1   1  -1   1   1  -1  -1   1  -1
-1 -1  1  1 -1 -1 -1  1  1  1  -1   1  -1   1  -1  -1   1  -1   1  -1   1   1  -1  -1  -1   1  -1  -1  -1  -1  -1  -1  -1  -1   1  -1  -1   1
-1 -1 -1 -1 -1 -1 -1 -1  1 -1   1  -1  -1   1  -1   1  -1   1  -1  -1   1  -1   1   1   1   1  -1  -1  -1  -1  -1  -1  -1   1   1   1  -1   1
-1 -1 -1  1 -1  1  1  1 -1 -1  -1  -1  -1   1   1   1   1   1  -1   1  -1  -1   1   1  -1  -1  -1   1   1  -1  -1   1  -1  -1  -1   1  -1   1
 1 -1  1 -1  1 -1 -1 -1 -1 -1   1  -1   1  -1   1   1   1   1   1   1  -1  -1   1  -1  -1  -1  -1   1  -1  -1  -1   1   1   1  -1  -1   1   1
 1 -1  1 -1 -1 -1 -1 -1  1 -1  -1   1  -1  -1   1  -1  -1  -1   1   1   1   1   1  -1   1   1  -1   1   1  -1   1  -1   1   1   1   1   1   1
 1  1  1 -1  1 -1 -1 -1  1  1  -1   1   1   1  -1   1  -1   1   1  -1  -1   1   1  -1   1   1  -1   1   1  -1  -1   1  -1   1   1  -1  -1  -1
-1 -1  1  1 -1  1 -1 -1  1  1   1   1  -1  -1   1   1  -1   1   1  -1   1  -1  -1  -1   1   1  -1  -1   1   1   1   1   1   1   1  -1  -1  -1
 1  1  1  1  1  1 -1 -1  1  1   1  -1  -1  -1  -1  -1  -1  -1  -1  -1  -1   1   1   1   1  -1  -1  -1  -1  -1  -1  -1  -1  -1  -1  -1  -1   1
-1  1  1  1 -1 -1 -1  1 -1 -1   1  -1  -1  -1   1  -1  -1  -1   1   1   1  -1  -1  -1   1  -1  -1  -1   1  -1  -1  -1   1  -1  -1  -1   1  -1
-1  1  1  1  1  1 -1 -1  1 -1   1   1   1   1  -1  -1  -1  -1   1   1  -1  -1  -1  -1   1   1  -1  -1   1   1  -1  -1  -1   1   1   1   1   1
-1  1 -1  1 -1  1  1 -1  1  1   1   1  -1  -1  -1   1   1  -1   1   1   1  -1  -1   1   1   1  -1   1  -1  -1   1  -1  -1   1  -1  -1  -1   1
 1 -1 -1 -1 -1  1  1  1  1  1  -1  -1  -1  -1  -1   1   1  -1   1   1   1   1   1  -1  -1   1   1   1   1   1   1   1   1   1  -1  -1   1   1
-1  1 -1 -1  1  1 -1  1  1  1  -1  -1   1   1  -1   1   1   1  -1   1  -1   1   1   1  -1   1  -1  -1   1   1  -1  -1  -1  -1   1  -1   1   1
-1  1 -1  1  1 -1 -1  1 -1  1   1   1  -1  -1  -1  -1   1  -1   1   1  -1   1   1   1   1   1   1  -1   1  -1   1  -1   1  -1   1   1  -1   1
 1 -1 -1  1  1  1  1  1 -1  1   1  -1  -1  -1   1  -1  -1  -1   1  -1   1  -1  -1   1  -1   1   1  -1  -1  -1  -1   1   1  -1   1  -1  -1  -1
 1 -1  1  1  1 -1 -1  1 -1 -1   1   1  -1  -1  -1   1  -1   1  -1   1  -1   1   1   1   1   1  -1  -1  -1   1   1   1  -1   1   1  -1   1   1
 1  1 -1 -1 -1  1  1  1  1 -1   1   1  -1   1   1   1  -1  -1   1  -1   1  -1   1   1  -1   1  -1  -1   1  -1  -1  -1   1  -1  -1   1   1   1
 1 -1  1  1 -1  1 -1  1 -1 -1   1  -1   1   1   1   1   1  -1   1  -1  -1  -1  -1  -1  -1   1   1   1   1   1   1   1   1  -1  -1   1   1  -1
 1  1 -1  1  1 -1 -1  1  1 -1   1  -1   1   1  -1  -1   1  -1  -1  -1  -1  -1  -1   1  -1   1  -1   1   1  -1  -1   1  -1  -1   1   1  -1  -1
 1  1  1  1  1 -1  1  1  1  1  -1   1   1  -1  -1  -1   1   1  -1  -1  -1   1  -1   1  -1   1   1   1  -1  -1   1   1   1   1  -1  -1  -1   1
-1 -1  1  1  1 -1  1 -1 -1  1   1   1  -1  -1   1  -1   1  -1  -1   1   1  -1  -1  -1   1   1   1   1  -1   1  -1  -1   1   1   1  -1   1   1
-1  1  1 -1  1 -1  1 -1  1 -1  -1   1   1   1   1  -1  -1   1  -1   1  -1   1   1   1   1   1   1  -1   1  -1  -1   1  -1  -1  -1   1   1   1
