A B C D E F G H ABCDEFGH
 1  1  1  1 -1 -1  1  1  1
 1  1 -1  1 -1 -1 -1 -1 -1
-1  1 -1  1 -1 -1 -1 -1  1
 1 -1 -1 -1 -1  1  1  1  1
 1  1  1 -1 -1  1 -1  1 -1
-1 -1 -1 -1 -1 -1  1 -1 -1
-1 -1 -1 -1 -1 -1  1  1  1
-1  1 -1 -1 -1  1  1 -1 -1
 1  1  1 -1  1  1  1  1 -1
 1  1 -1  1  1 -1  1 -1 -1
-1  1 -1 -1 -1  1 -1 -1  1
 1 -1  1  1 -1 -1  1  1 -1
-1  1  1  1  1 -1 -1  1 -1
 1 -1 -1  1 -1  1  1  1 -1
-1  1  1 -1  1 -1  1  1 -1
-1 -1  1 -1  1  1 -1  1  1
 1 -1 -1  1  1  1  1  1  1
 1 -1 -1 -1  1 -1  1  1  1
-1  1 -1 -1  1  1  1 -1  1
 1  1  1 -1  1  1  1 -1  1
 1  1 -1  1  1 -1 -1  1 -1
-1  1  1  1 -1 -1 -1  1  1
-1 -1  1 -1  1 -1 -1 -1  1
 1 -1 -1  1 -1  1  1 -1  1
 1 -1 -1 -1 -1  1  1 -1 -1
-1  1  1  1  1  1  1 -1  1
 1 -1 -1  1  1  1 -1 -1  1
-1  1  1 -1 -1  1 -1  1  1
 1 -1 -1  1 -1 -1 -1  1 -1
 1 -1 -1  1 -1  1 -1 -1 -1
-1 -1 -1  1  1  1  1 -1  1
-1  1 -1 -1 -1 -1  1  1 -1
 1  1  1  1 -1 -1  1 -1 -1
-1  1  1 -1  1 -1 -1  1  1
-1 -1 -1  1  1 -1 -1 -1  1
-1  1  1  1  1 -1  1 -1 -1
 1  1 -1  1 -1 -1  1  1 -1
 1 -1 -1  1  1 -1  1  1 -1
 1 -1  1  1  1 -1  1 -1 -1
-1  1  1  1  1  1 -1  1  1
 1 -1 -1 -1  1 -1  1 -1 -1
-1 -1  1  1  1 -1 -1 -1 -1
-1 -1  1  1  1  1 -1 -1  1
-1 -1 -1 -1  1 -1 -1 -1 -1
-1 -1 -1 -1  1  1  1  1  1
 1 -1 -1 -1  1  1  1 -1  1
 1  1 -1 -1 -1  1  1  1 -1
 1  1  1 -1 -1 -1  1  1 -1
 1 -1  1 -1  1 -1  1 -1  1
 1  1  1  1 -1  1 -1  1  1
-1 -1 -1 -1 -1  1  1 -1  1
-1  1 -1  1 -1 -1  1  1  1
-1 -1 -1  1  1 -1 -1  1 -1
 1  1 -1 -1 -1 -1  1 -1 -1
 1 -1 -1 -1 -1 -1 -1  1  1
 1  1 -1 -1  1 -1 -1  1  1
-1  1 -1  1  1 -1  1 -1  1
 1  1  1 -1 -1  1 -1 -1  1
-1 -1  1  1  1  1  1  1  1
-1  1 -1  1 -1  1  1 -1  1
-1 -1 -1 -1  1 -1 -1  1  1
-1 -1  1  1 -1 -1 -1 -1  1
-1 -1 -1  1 -1  1  1  1  1
-1 -1 -1  1  1 -1  1 -1 -1
 1  1  1 -1 -1 -1 -1 -1 -1
 1 -1 -1 -1  1  1 -1  1  1
-1 -1  1 -1 -1 -1  1  1 -1
-1 -1 -1  1 -1 -1 -1  1  1
-1  1  1 -1 -1 -1 -1  1 -1
-1 -1  1 -1  1  1 -1 -1 -1
 1  1  1 -1  1 -1  1  1  1
 1 -1 -1  1  1  1  1 -1 -1
-1  1  1 -1  1  1  1  1  1
 1  1  1 -1 -1 -1  1 -1  1
 1 -1  1 -1 -1 -1 -1  1 -1
 1  1 -1  1 -1  1 -1 -1  1
 1  1 -1  1  1  1  1  1 -1
-1 -1  1 -1 -1  1  1  1  1
-1 -1  1 -1  1 -1  1 -1 -1
-1 -1 -1  1 -1 -1 -1 -1 -1
 1 -1  1 -1 -1  1  1 -1  1
-1  1 -1 -1 -1  1  1  1  1
-1  1 -1  1  1  1  1 -1 -1
 1  1  1  1  1  1  1 -1 -1
 1 -1 -1 -1 -1 -1  1 -1  1
-1 -1 -1 -1  1 -1  1 -1  1
-1 -1  1 -1  1 -1 -1  1 -1
-1  1  1 -1 -1  1  1 -1  1
 1 -1  1 -1  1  1 -1 -1  1
-1 -1  1  1 -1  1  1  1 -1
-1  1  1  1 -1 -1  1  1 -1
-1 -1  1 -1 -1 -1 -1 -1 -1
 1 -1  1 -1  1  1  1  1  1
 1  1 -1  1  1  1 -1  1  1
 1  1 -1  1 -1  1  1  1  1
-1  1 -1  1 -1  1 -1 -1 -1
-1  1 -1 -1  1  1 -1  1  1
 1  1  1  1  1  1 -1 -1  1
-1  1 -1 -1  1  1  1  1 -1
 1 -1  1  1  1  1  1 -1  1
-1  1 -1  1  1  1 -1  1 -1
-1  1 -1  1  1 -1 -1  1  1
 1 -1  1 -1 -1 -1  1 -1 -1
-1  1 -1 -1 -1 -1  1 -1  1
 1 -1  1 -1 -1 -1 -1 -1  1
 1 -1  1 -1 -1  1  1  1 -1
 1  1 -1 -1 -1  1 -1 -1 -1
 1 -1 -1  1  1 -1  1 -1  1
-1 -1  1 -1 -1  1 -1 -1  1
-1 -1 -1 -1 -1 -1 -1 -1  1
-1 -1  1 -1  1  1  1 -1  1
-1 -1  1 -1 -1  1  1 -1 -1
-1  1  1  1 -1  1  1  1  1
-1  1  1 -1  1 -1 -1 -1 -1
-1  1 -1 -1 -1 -1 -1  1  1
 1  1  1  1 -1  1  1 -1  1
-1 -1 -1  1 -1  1  1 -1 -1
 1 -1  1 -1  1  1 -1  1 -1
 1 -1 -1  1  1 -1 -1  1  1
 1  1  1  1  1  1 -1  1 -1
-1 -1  1 -1  1 -1  1  1  1
-1 -1  1  1  1  1 -1  1 -1
 1  1  1  1  1 -1  1 -1  1
 1 -1  1 -1 -1 -1  1  1  1
 1  1 -1  1  1 -1 -1 -1  1
 1 -1  1 -1  1 -1 -1 -1 -1
 1 -1 -1  1 -1 -1 -1 -1  1
-1  1 -1 -1 -1 -1 -1 -1 -1
 1  1 -1  1  1  1 -1 -1 -1
 1 -1 -1  1 -1 -1  1  1  1
-1 -1 -1  1 -1  1 -1  1 -1
-1  1 -1 -1  1 -1 -1 -1  1
-1 -1 -1 -1  1 -1  1  1 -1
-1  1  1 -1 -1 -1  1  1  1
-1  1  1  1  1  1  1  1 -1
-1  1  1 -1  1  1 -1  1 -1
 1  1 -1 -1 -1 -1 -1  1 -1
 1 -1  1  1  1  1 -1 -1 -1
 1  1 -1  1  1 -1  1  1  1
-1 -1 -1  1  1  1  1  1 -1
-1 -1 -1  1 -1 -1  1  1 -1
 1 -1 -1 -1  1  1 -1 -1 -1
-1  1  1  1 -1 -1  1 -1  1
 1  1  1 -1 -1  1  1 -1 -1
-1  1 -1  1 -1  1  1  1 -1
 1 -1  1  1 -1  1 -1  1 -1
 1  1 -1 -1 -1 -1  1  1  1
-1  1  1  1 -1  1 -1 -1  1
 1 -1 -1 -1 -1 -1  1  1 -1
-1  1  1 -1 -1 -1  1 -1 -1
-1 -1  1  1  1 -1  1 -1  1
-1 -1 -1 -1 -1  1  1  1 -1
-1  1  1 -1 -1  1 -1 -1 -1
-1  1 -1 -1  1  1 -1 -1 -1
 1  1 -1  1 -1  1  1 -1 -1
 1 -1 -1 -1  1  1  1  1 -1
 1  1  1  1  1 -1  1  1 -1
 1 -1  1  1  1 -1 -1 -1  1
 1 -1  1  1 -1 -1  1 -1  1
 1 -1  1  1 -1 -1 -1  1  1
 1 -1  1  1 -1 -1 -1 -1 -1
-1 -1  1  1  1 -1 -1  1  1
-1  1  1 -1  1 -1  1 -1  1
 1 -1  1 -1  1  1  1 -1 -1
-1 -1  1 -1 -1  1 -1  1 -1
-1 -1  1  1 -1  1 -1  1  1
 1  1  1 -1  1  1 -1  1  1
 1 -1  1  1 -1  1  1 -1 -1
-1 -1  1 -1 -1 -1  1 -1  1
 1  1 -1 -1 -1  1  1 -1  1
 1 -1 -1 -1  1 -1 -1 -1  1
-1  1  1 -1  1  1 -1 -1  1
-1 -1  1  1  1  1  1 -1 -1
-1 -1 -1  1  1  1 -1  1  1
-1  1  1  1 -1  1  1 -1 -1
 1  1  1 -1  1 -1  1 -1 -1
 1  1  1 -1  1 -1 -1 -1  1
-1  1 -1  1  1  1  1  1  1
 1  1  1  1 -1 -1 -1 -1  1
-1  1  1  1 -1 -1 -1 -1 -1
-1  1 -1  1 -1 -1 -1  1 -1
-1  1 -1  1 -1  1 -1  1  1
-1 -1 -1  1 -1  1 -1 -1  1
 1  1  1 -1 -1  1  1  1  1
-1 -1 -1 -1  1  1  1 -1 -1
 1  1  1  1  1 -1 -1 -1 -1
 1 -1 -1 -1  1 -1 -1  1 -1
-1  1 -1 -1 -1  1 -1  1 -1
 1 -1  1  1  1 -1  1  1  1
-1  1 -1 -1  1 -1  1 -1 -1
 1  1 -1  1  1  1  1 -1  1
-1 -1  1 -1  1  1  1  1 -1
-1  1 -1  1  1 -1 -1 -1 -1
-1  1  1  1  1 -1 -1 -1  1
 1 -1  1  1 -1  1 -1 -1  1
 1  1  1 -1 -1 -1 -1  1  1
-1 -1  1 -1 -1 -1 -1  1  1
-1 -1 -1  1  1  1 -1 -1 -1
-1  1 -1  1  1 -1  1  1 -1
 1  1  1  1 -1 -1 -1  1 -1
-1 -1 -1 -1  1  1 -1  1 -1
-1 -1 -1  1  1 -1  1  1  1
 1  1 -1 -1  1 -1  1 -1  1
 1  1 -1 -1  1  1  1  1  1
-1 -1  1  1  1 -1  1  1 -1
 1  1 -1 -1  1  1 -1 -1  1
-1 -1 -1 -1 -1 -1 -1  1 -1
 1  1 -1 -1  1 -1  1  1 -1
-1  1  1  1  1 -1  1  1  1
-1 -1 -1 -1 -1  1 -1 -1 -1
 1  1  1  1 -1  1  1  1 -1
-1  1 -1  1  1  1 -1 -1  1
-1  1  1  1 -1  1 -1  1 -1
 1  1 -1 -1  1  1  1 -1 -1
 1  1 -1  1 -1  1 -1  1 -1
-1  1  1 -1 -1 -1 -1 -1  1
 1  1 -1 -1  1 -1 -1 -1 -1
 1 -1 -1  1  1 -1 -1 -1 -1
 1 -1  1  1  1  1 -1  1  1
 1  1  1  1  1  1  1  1  1
 1 -1 -1  1  1  1 -1  1 -1
-1 -1 -1  1 -1 -1  1 -1  1
-1 -1  1  1 -1 -1  1  1  1
 1  1 -1  1 -1 -1 -1  1  1
-1  1  1 -1  1  1  1 -1 -1
 1  1  1 -1  1 -1 -1  1 -1
-1  1  1 -1 -1  1  1  1 -1
 1 -1  1  1 -1  1  1  1  1
-1 -1  1  1 -1  1 -1 -1 -1
 1 -1  1  1  1 -1 -1  1 -1
 1 -1  1 -1 -1  1 -1 -1 -1
-1 -1 -1 -1  1  1 -1 -1  1
 1 -1  1 -1  1 -1 -1  1  1
 1 -1 -1 -1 -1  1 -1  1 -1
-1 -1  1  1 -1 -1 -1  1 -1
 1  1 -1 -1  1  1 -1  1 -1
 1 -1 -1  1 -1  1 -1  1  1
 1  1  1  1 -1  1 -1 -1 -1
 1  1 -1  1 -1 -1  1 -1  1
-1 -1  1  1 -1  1  1 -1  1
 1  1  1  1  1 -1 -1  1  1
 1 -1  1 -1  1 -1  1  1 -1
-1 -1  1  1 -1 -1  1 -1 -1
 1 -1 -1 -1 -1  1 -1 -1  1
-1 -1 -1 -1 -1  1 -1  1  1
-1  1 -1 -1  1 -1 -1  1 -1
 1 -1 -1 -1 -1 -1 -1 -1 -1
-1  1 -1 -1  1 -1  1  1  1
 1 -1  1  1  1  1  1  1 -1
 1 -1 -1  1 -1 -1  1 -1 -1
 1 -1  1 -1 -1  1 -1  1  1
 1  1 -1 -1 -1 -1 -1 -1  1
-1  1 -1  1 -1 -1  1 -1 -1
-1  1  1  1  1  1 -1 -1 -1
 1  1  1 -1  1  1 -1 -1 -1
 1  1 -1 -1 -1  1 -1  1  1
